depth	rel_dens
0.02	0.290391308
0.025	0.310809456
0.029999999	0.325753948
0.035	0.335575062
0.039999999	0.340976021
0.045000002	0.342861229
0.050000001	0.342214536
0.055	0.340016798
0.059999999	0.337179624
0.064999998	0.334485247
0.07	0.332533193
0.075000003	0.33169056
0.079999998	0.332056328
0.085000001	0.333467065
0.090000004	0.335547907
0.094999999	0.337802706
0.1	0.339729175
0.105	0.340901404
0.11	0.341072284
0.115	0.340183764
0.12	0.338354033
0.125	0.33582275
0.13	0.332885593
0.13500001	0.329830082
0.14	0.326876291
0.145	0.324147387
0.15000001	0.321670078
0.155	0.31940339
0.16	0.317289291
0.16500001	0.315282984
0.17	0.313391833
0.175	0.31167699
0.18000001	0.310233274
0.185	0.309138494
0.19	0.308416196
0.19499999	0.308007176
0.2	0.307770916
0.205	0.307531781
0.20999999	0.307135371
0.215	0.306461407
0.22	0.305506088
0.22499999	0.304299487
0.23	0.302900464
0.235	0.301343802
0.23999999	0.29961991
0.245	0.297671813
0.25	0.295414187
0.255	0.292775084
0.25999999	0.289736454
0.26499999	0.286384735
0.27000001	0.282930461
0.27500001	0.279707709
0.28	0.277121858
0.285	0.275569883
0.28999999	0.275348476
0.29499999	0.276584928
0.30000001	0.279213713
0.30500001	0.282997499
0.31	0.287591249
0.315	0.292623234
0.31999999	0.297751479
0.32499999	0.302703072
0.33000001	0.30728643
0.33500001	0.311382352
0.34	0.314926007
0.345	0.317890189
0.34999999	0.320276392
0.35499999	0.32211216
0.36000001	0.323455417
0.36500001	0.324398014
0.37	0.32506893
0.375	0.325617425
0.38	0.326193998
0.38499999	0.326941314
0.38999999	0.32795934
0.39500001	0.329299961
0.40000001	0.330969535
0.405	0.332948695
0.41	0.33522179
0.41499999	0.337779104
0.41999999	0.340619892
0.42500001	0.343738932
0.43000001	0.347074204
0.435	0.35049997
0.44	0.35379427
0.44499999	0.356667251
0.44999999	0.358810016
0.45500001	0.359974898
0.46000001	0.360051033
0.465	0.359109361
0.47	0.357395379
0.47499999	0.355279403
0.47999999	0.353168641
0.48500001	0.351415517
0.49000001	0.350262543
0.495	0.349812131
0.5	0.350042627
0.505	0.350846808
0.50999999	0.352074228
0.51499999	0.353569219
0.51999998	0.355196307
0.52499998	0.356850699
0.52999997	0.358452616
0.53500003	0.359952032
0.54000002	0.361304741
0.54500002	0.362474441
0.55000001	0.363443947
0.55500001	0.364205432
0.56	0.36476578
0.565	0.365136923
0.56999999	0.36532929
0.57499999	0.365346897
0.57999998	0.365169918
0.58499998	0.364747889
0.58999997	0.364007068
0.59500003	0.362864541
0.60000002	0.361240526
0.60500002	0.359083647
0.61000001	0.356380372
0.61500001	0.353177754
0.62	0.349599255
0.625	0.345843764
0.63	0.342173627
0.63499999	0.338902978
0.63999999	0.336347766
0.64499998	0.334788929
0.64999998	0.334428971
0.65499997	0.335345807
0.66000003	0.33749828
0.66500002	0.340719116
0.67000002	0.344741368
0.67500001	0.349235911
0.68000001	0.353854525
0.685	0.358272798
0.69	0.362220577
0.69499999	0.36550218
0.69999999	0.368006245
0.70499998	0.369710857
0.70999998	0.370662477
0.71499997	0.370948495
0.72000003	0.370684795
0.72500002	0.369971349
0.73000002	0.36886649
0.73500001	0.367370143
0.74000001	0.365423031
0.745	0.362927591
0.75	0.359787299
0.755	0.355955312
0.75999999	0.351477682
0.76499999	0.346510687
0.76999998	0.34131546
0.77499998	0.336225463
0.77999997	0.331599161
0.78500003	0.327754494
0.79000002	0.324919804
0.79500002	0.323206162
0.80000001	0.322599723
0.80500001	0.32298003
0.81	0.324155935
0.815	0.325911077
0.81999999	0.328031779
0.82499999	0.330328236
0.82999998	0.332649198
0.83499998	0.334871271
0.83999997	0.336882128
0.84500003	0.338601782
0.85000002	0.339981171
0.85500002	0.341014544
0.86000001	0.341744884
0.86500001	0.342277426
0.87	0.342699399
0.875	0.3430885
0.88	0.343470912
0.88499999	0.343816323
0.88999999	0.344053939
0.89499998	0.344114406
0.89999998	0.343988949
0.90499997	0.343767578
0.91000003	0.34362929
0.91500002	0.343783626
0.92000002	0.344366795
0.92500001	0.345374269
0.93000001	0.34658187
0.935	0.347579636
0.94	0.347873322
0.94499999	0.347030377
0.94999999	0.344842559
0.95499998	0.341404059
0.95999998	0.337127239
0.96499997	0.332640298
0.97000003	0.328627935
0.97500002	0.325645268
0.98000002	0.323970616
0.98500001	0.323548022
0.99000001	0.32403007
0.995	0.32489877
1.0	0.325635937
1.005	0.325871608
1.01	0.325465757
1.015	0.324549566
1.02	0.323403561
1.025	0.32239773
1.03	0.32184192
1.035	0.321913672
1.04	0.322593032
1.045	0.323689484
1.05	0.324941822
1.0549999	0.326109563
1.0599999	0.327048135
1.0650001	0.327778321
1.0700001	0.328496683
1.075	0.329473472
1.08	0.330937133
1.085	0.332949227
1.09	0.335313895
1.095	0.337585941
1.1	0.339178775
1.105	0.33954154
1.11	0.33835181
1.115	0.33565841
1.12	0.33190512
1.125	0.327844214
1.13	0.324393602
1.135	0.322395652
1.14	0.32239628
1.145	0.324586616
1.15	0.32873337
1.155	0.334238035
1.16	0.340274015
1.165	0.345941507
1.17	0.350437034
1.175	0.353173955
1.1799999	0.353862526
1.1849999	0.352543777
1.1900001	0.34955922
1.1950001	0.345471607
1.2	0.340964536
1.205	0.336717429
1.21	0.333286236
1.215	0.33101352
1.22	0.32998418
1.225	0.330043173
1.23	0.330854377
1.235	0.331982216
1.24	0.333008966
1.245	0.333594382
1.25	0.3335428
1.255	0.332811632
1.26	0.331505842
1.265	0.329842649
1.27	0.328105748
1.275	0.326603439
1.28	0.325608355
1.285	0.325315888
1.29	0.325807075
1.295	0.327025141
1.3	0.328789168
1.3049999	0.330851101
1.3099999	0.332959372
1.3150001	0.33490809
1.3200001	0.336615251
1.325	0.33809395
1.33	0.339487299
1.335	0.341008932
1.34	0.342888448
1.345	0.345310847
1.35	0.348393887
1.355	0.352131307
1.36	0.356417157
1.365	0.361042439
1.37	0.365714469
1.375	0.370089606
1.38	0.373835821
1.385	0.376694422
1.39	0.378525347
1.395	0.379337289
1.4	0.379277788
1.405	0.378575734
1.41	0.377473684
1.415	0.376179546
1.42	0.374814848
1.425	0.373440497
1.4299999	0.372055277
1.4349999	0.370615166
1.4400001	0.369054634
1.4450001	0.367302141
1.45	0.365286577
1.455	0.362947734
1.46	0.360264134
1.465	0.357266332
1.47	0.354061887
1.475	0.350830236
1.48	0.347823509
1.485	0.345357879
1.49	0.343731117
1.495	0.343143424
1.5	0.343643693
1.505	0.345089764
1.51	0.347135302
1.515	0.349307858
1.52	0.351112806
1.525	0.35217592
1.53	0.352373799
1.535	0.351876429
1.54	0.351161916
1.545	0.35088827
1.55	0.351713445
1.5549999	0.354135048
1.5599999	0.358321106
1.5650001	0.36401021
1.5700001	0.370541007
1.575	0.376957172
1.58	0.382190036
1.585	0.385301856
1.59	0.38562545
1.595	0.382932176
1.6	0.377442845
1.605	0.369797643
1.61	0.360894013
1.615	0.351733014
1.62	0.343228045
1.625	0.336097563
1.63	0.330784062
1.635	0.327377658
1.64	0.325702564
1.645	0.325333324
1.65	0.325678418
1.655	0.326091292
1.66	0.325984027
1.665	0.324954936
1.67	0.322876663
1.675	0.319916542
1.6799999	0.316489633
1.6849999	0.313142498
1.6900001	0.310420284
1.6950001	0.308727955
1.7	0.308288327
1.705	0.309118225
1.71	0.31107535
1.715	0.313925054
1.72	0.317408337
1.725	0.3212827
1.73	0.325348115
1.735	0.329450878
1.74	0.333482499
1.745	0.337376181
1.75	0.341099945
1.755	0.344653446
1.76	0.34805021
1.765	0.351319611
1.77	0.354478524
1.775	0.357527114
1.78	0.36042458
1.785	0.363068005
1.79	0.365335533
1.795	0.367092515
1.8	0.368225895
1.8049999	0.368674763
1.8099999	0.368443844
1.8150001	0.367595785
1.8200001	0.366229488
1.825	0.364449165
1.83	0.362328507
1.835	0.359923165
1.84	0.357288503
1.845	0.3545157
1.85	0.351772341
1.855	0.349305584
1.86	0.347396662
1.865	0.346307578
1.87	0.346240602
1.875	0.347239681
1.88	0.349164629
1.885	0.351696994
1.89	0.354386828
1.895	0.356727789
1.9	0.358241371
1.905	0.358551712
1.91	0.357438538
1.915	0.354863511
1.92	0.35097044
1.925	0.346061503
1.9299999	0.340551831
1.9349999	0.334906811
1.9400001	0.329574609
1.9450001	0.324920865
1.95	0.321182357
1.955	0.318459317
1.96	0.316737566
1.965	0.315931595
1.97	0.315933325
1.975	0.316649688
1.98	0.318020415
1.985	0.320025189
1.99	0.32265164
1.995	0.325862
2.0	0.329566146
2.0050001	0.333604607
2.01	0.337748347
2.0150001	0.341730246
2.02	0.345284734
2.0250001	0.348194471
2.03	0.350344041
2.0350001	0.351722575
2.04	0.3524444
2.0450001	0.352714874
2.05	0.352767066
2.0550001	0.352811627
2.0599999	0.352978594
2.0650001	0.353287206
2.0699999	0.353638621
2.075	0.353841281
2.0799999	0.353681088
2.085	0.352981703
2.0899999	0.351677496
2.095	0.349851178
2.0999999	0.347728299
2.105	0.345629594
2.1099999	0.34389784
2.115	0.342807046
2.1199999	0.342513174
2.125	0.343036392
2.1300001	0.344258985
2.135	0.345978633
2.1400001	0.347957365
2.145	0.349976945
2.1500001	0.351853525
2.155	0.353466734
2.1600001	0.354780346
2.165	0.355837923
2.1700001	0.356750222
2.175	0.357671534
2.1800001	0.358778564
2.1849999	0.360182127
2.1900001	0.36190987
2.1949999	0.363850484
2.2	0.365763184
2.2049999	0.367316151
2.21	0.36817046
2.2149999	0.368045499
2.22	0.366807605
2.2249999	0.364496702
2.23	0.361318973
2.2349999	0.35759889
2.24	0.353714065
2.2449999	0.350039193
2.25	0.346874035
2.2550001	0.344424884
2.26	0.342764714
2.2650001	0.341824302
2.27	0.341415586
2.2750001	0.34122849
2.28	0.340900797
2.2850001	0.340089132
2.29	0.338546981
2.2950001	0.336204181
2.3	0.33319826
2.3050001	0.329866274
2.3099999	0.326712512
2.3150001	0.324288645
2.3199999	0.323086196
2.325	0.323427025
2.3299999	0.325417942
2.335	0.328932267
2.3399999	0.333608765
2.345	0.339038424
2.3499999	0.344786728
2.355	0.350480418
2.3599999	0.355851919
2.365	0.360731238
2.3699999	0.36502932
2.375	0.368707461
2.3800001	0.371754021
2.385	0.374206955
2.3900001	0.37617667
2.395	0.377874708
2.4000001	0.379593293
2.405	0.381672611
2.4100001	0.384421299
2.415	0.388013598
2.4200001	0.392424209
2.425	0.397417627
2.4300001	0.402570412
2.4349999	0.40735856
2.4400001	0.411253662
2.4449999	0.413810454
2.45	0.41472317
2.4549999	0.413842723
2.46	0.411165867
2.4649999	0.406841077
2.47	0.401140201
2.4749999	0.394440643
2.48	0.387172627
2.4849999	0.379795794
2.49	0.372734637
2.4949999	0.366343043
2.5	0.360859481
2.5050001	0.356401932
2.51	0.352985027
2.5150001	0.350559501
2.52	0.34903239
2.5250001	0.348297106
2.53	0.348238683
2.5350001	0.348738149
2.54	0.349690037
2.5450001	0.350981009
2.55	0.35249235
2.5550001	0.35409937
2.5599999	0.355661579
2.5650001	0.35699823
2.5699999	0.35790349
2.575	0.358181629
2.5799999	0.357693173
2.585	0.356430306
2.5899999	0.354564151
2.595	0.352406915
2.5999999	0.350349663
2.605	0.348746763
2.6099999	0.347789005
2.615	0.347432181
2.6199999	0.347413388
2.625	0.347332646
2.6300001	0.346792645
2.635	0.345521588
2.6400001	0.343443177
2.645	0.34069285
2.6500001	0.337531237
2.655	0.334249595
2.6600001	0.331083343
2.665	0.328148703
2.6700001	0.325471543
2.675	0.323028603
2.6800001	0.320818564
2.6849999	0.318901165
2.6900001	0.317394878
2.6949999	0.31645042
2.7	0.316188995
2.7049999	0.316643271
2.71	0.317746646
2.7149999	0.319324049
2.72	0.321123734
2.7249999	0.322884361
2.73	0.324345045
2.7349999	0.325314793
2.74	0.325710393
2.7449999	0.325579658
2.75	0.325099512
2.7550001	0.324566797
2.76	0.32435451
2.7650001	0.324842408
2.77	0.326332806
2.7750001	0.328961971
2.78	0.332651653
2.7850001	0.337107523
2.79	0.341880886
2.7950001	0.346476173
2.8	0.350474626
2.8050001	0.353623673
2.8099999	0.355893497
2.8150001	0.357441969
2.8199999	0.358565071
2.825	0.359609452
2.8299999	0.360897761
2.835	0.362686169
2.8399999	0.365140046
2.845	0.368320527
2.8499999	0.372189635
2.855	0.376618945
2.8599999	0.381409419
2.865	0.386308902
2.8699999	0.391043932
2.875	0.395361702
2.8800001	0.399074107
2.885	0.402068839
2.8900001	0.404328837
2.895	0.405909124
2.9000001	0.406908118
2.905	0.407419976
2.9100001	0.407500265
2.915	0.407150394
2.9200001	0.406326022
2.925	0.40495502
2.9300001	0.402962662
2.9349999	0.400292682
2.9400001	0.396922651
2.9449999	0.392875443
2.95	0.388228433
2.9549999	0.383118758
2.96	0.377739985
2.9649999	0.372325979
2.97	0.367122216
2.9749999	0.362350638
2.98	0.358177772
2.9849999	0.354695149
2.99	0.351916435
2.9949999	0.349789853
3.0	0.348220058
3.0050001	0.347092218
3.01	0.346292399
3.0150001	0.345721113
3.02	0.345299681
3.0250001	0.344970886
3.03	0.344696908
3.0350001	0.344459155
3.04	0.344248282
3.0450001	0.344065748
3.05	0.343927959
3.0550001	0.34386188
3.0599999	0.343913798
3.0650001	0.344146984
3.0699999	0.344643668
3.075	0.34548998
3.0799999	0.346770458
3.085	0.348552047
3.0899999	0.350865804
3.095	0.353696414
3.0999999	0.356975984
3.105	0.360591902
3.1099999	0.364383953
3.115	0.36818594
3.1199999	0.371832304
3.125	0.375178924
3.1300001	0.378109067
3.135	0.380532815
3.1400001	0.382418914
3.145	0.383741635
3.1500001	0.3845052
3.155	0.3846661
3.1600001	0.384177302
3.165	0.382991866
3.1700001	0.381051838
3.175	0.378379592
3.1800001	0.375081463
3.1849999	0.371370342
3.1900001	0.367536969
3.1949999	0.363887272
3.2	0.360672455
3.2049999	0.35800085
3.21	0.355829711
3.2149999	0.353977651
3.22	0.352212866
3.2249999	0.35037123
3.23	0.348440102
3.2349999	0.346608927
3.24	0.345215458
3.2449999	0.344668211
3.25	0.345317492
3.2550001	0.347329013
3.26	0.350661898
3.2650001	0.355035684
3.27	0.359999097
3.2750001	0.365027942
3.28	0.369595257
3.2850001	0.373227708
3.29	0.375529183
3.2950001	0.37620948
3.3	0.375108883
3.3050001	0.372225419
3.3099999	0.367737922
3.3150001	0.362004146
3.3199999	0.355533109
3.325	0.348914355
3.3299999	0.342745931
3.335	0.337551097
3.3399999	0.333720775
3.345	0.33147102
3.3499999	0.330857594
3.355	0.331796555
3.3599999	0.334095055
3.365	0.337478747
3.3699999	0.341637088
3.375	0.346237478
3.3800001	0.350957052
3.385	0.355471822
3.3900001	0.359518267
3.395	0.362918931
3.4000001	0.365609266
3.405	0.367652158
3.4100001	0.369231956
3.415	0.370618303
3.4200001	0.372090019
3.425	0.373858354
3.4300001	0.376004509
3.4349999	0.378441977
3.4400001	0.380933429
3.4449999	0.383133992
3.45	0.384663888
3.4549999	0.3852193
3.46	0.384634825
3.4649999	0.382935722
3.47	0.380336832
3.4749999	0.377203458
3.48	0.37400379
3.4849999	0.371193553
3.49	0.369148315
3.4949999	0.368094509
3.5	0.368084821
3.5050001	0.36901332
3.51	0.370653387
3.5150001	0.372738928
3.52	0.375006098
3.5250001	0.377229375
3.53	0.37923331
3.5350001	0.380864044
3.54	0.381973642
3.5450001	0.382415255
3.55	0.382083108
3.5550001	0.380952767
3.5599999	0.379124346
3.5650001	0.376858854
3.5699999	0.374557338
3.575	0.372640057
3.5799999	0.371457666
3.585	0.371172911
3.5899999	0.371642949
3.595	0.372450414
3.5999999	0.372984297
3.605	0.372609631
3.6099999	0.370844239
3.615	0.3675166
3.6199999	0.362822341
3.625	0.357277645
3.6300001	0.351580434
3.635	0.346417577
3.6400001	0.342299491
3.645	0.33946841
3.6500001	0.337894419
3.655	0.337367691
3.6600001	0.33762199
3.665	0.338446917
3.6700001	0.339734543
3.675	0.341476277
3.6800001	0.343722913
3.6849999	0.346502001
3.6900001	0.349808646
3.6949999	0.353574635
3.7	0.357683509
3.7049999	0.361997531
3.71	0.366371824
3.7149999	0.37065536
3.72	0.374684681
3.7249999	0.378289706
3.73	0.38131138
3.7349999	0.383630975
3.74	0.385200459
3.7449999	0.386072121
3.75	0.38638911
3.7550001	0.386348447
3.76	0.386146386
3.7650001	0.385936273
3.77	0.385752286
3.7750001	0.385541802
3.78	0.385165852
3.7850001	0.384446643
3.79	0.383223895
3.7950001	0.381397153
3.8	0.378970322
3.8050001	0.376014403
3.8099999	0.372698433
3.8150001	0.369227617
3.8199999	0.36583041
3.825	0.362746358
3.8299999	0.36022733
3.835	0.358546921
3.8399999	0.357979744
3.845	0.358776309
3.8499999	0.361107965
3.855	0.365008712
3.8599999	0.370342439
3.865	0.376799183
3.8699999	0.38394975
3.875	0.391313256
3.8800001	0.39844614
3.885	0.405009624
3.8900001	0.410818833
3.895	0.415824354
3.9000001	0.420068104
3.905	0.423620759
3.9100001	0.426533402
3.915	0.428783785
3.9200001	0.430271835
3.925	0.430867073
3.9300001	0.430467347
3.9349999	0.429072364
3.9400001	0.426840887
3.9449999	0.424110527
3.95	0.421366794
3.9549999	0.419159288
3.96	0.417982896
3.9649999	0.418172631
3.97	0.419820246
3.9749999	0.422759595
3.98	0.426621254
3.9849999	0.430926127
3.99	0.435165673
3.9949999	0.438859711
4.0	0.441600214
4.0050001	0.443035833
4.0100002	0.442817283
4.0149999	0.440658068
4.02	0.4363635
4.0250001	0.429904729
4.0300002	0.421513328
4.0349998	0.411720672
4.04	0.401342579
4.0450001	0.391290456
4.0500002	0.382481691
4.0549998	0.3756041
4.0599999	0.370967506
4.0650001	0.368477435
4.0700002	0.367700159
4.0749998	0.367951724
4.0799999	0.368466514
4.085	0.368573888
4.0900002	0.367795933
4.0949998	0.365933013
4.0999999	0.363106151
4.105	0.359725393
4.1100001	0.356432407
4.1149998	0.353977148
4.1199999	0.353025741
4.125	0.353974664
4.1300001	0.356846436
4.1350002	0.361248239
4.1399999	0.366463626
4.145	0.371616096
4.1500001	0.375884308
4.1550002	0.378678086
4.1599998	0.379764834
4.165	0.379243907
4.1700001	0.377520574
4.1750002	0.375154199
4.1799998	0.372734271
4.1849999	0.370766489
4.1900001	0.369594224
4.1950002	0.369375494
4.1999998	0.370091322
4.2049999	0.371589748
4.21	0.373607792
4.2150002	0.375842674
4.2199998	0.377969251
4.2249999	0.379688367
4.23	0.380790522
4.2350001	0.381172951
4.2399998	0.380862165
4.2449999	0.380019587
4.25	0.378908698
4.2550001	0.377822899
4.2600002	0.377078541
4.2649999	0.376904587
4.27	0.377399187
4.2750001	0.37850183
4.2800002	0.380009831
4.2849998	0.381629195
4.29	0.383061844
4.2950001	0.384084686
4.3000002	0.384613263
4.3049998	0.384730271
4.3099999	0.384676265
4.3150001	0.384788166
4.3200002	0.385429145
4.3249998	0.386907636
4.3299999	0.389374885
4.335	0.392803928
4.3400002	0.396976978
4.3449998	0.40152532
4.3499999	0.406021935
4.355	0.410027981
4.3600001	0.413161143
4.3649998	0.415134905
4.3699999	0.41576778
4.375	0.414954945
4.3800001	0.412679532
4.3850002	0.409022119
4.3899999	0.404170757
4.395	0.398432241
4.4000001	0.392218625
4.4050002	0.386027927
4.4099998	0.380366006
4.415	0.375648551
4.4200001	0.37210451
4.4250002	0.369745422
4.4299998	0.368343655
4.4349999	0.367486371
4.4400001	0.366726699
4.4450002	0.365687088
4.4499998	0.364162859
4.4549999	0.362155335
4.46	0.359823255
4.4650002	0.357382848
4.4699998	0.35504761
4.4749999	0.352927286
4.48	0.351011225
4.4850001	0.349157314
4.4899998	0.347193182
4.4949999	0.345019969
4.5	0.342650669
4.5050001	0.340249886
4.5100002	0.338135503
4.5149999	0.336695115
4.52	0.336313092
4.5250001	0.337270436
4.5300002	0.339655839
4.5349998	0.343324514
4.54	0.347931908
4.5450001	0.352995799
4.5500002	0.357996501
4.5549998	0.362473529
4.5599999	0.366107447
4.5650001	0.368747835
4.5700002	0.370406777
4.5749998	0.371232993
4.5799999	0.371438895
4.585	0.371265846
4.5900002	0.370898018
4.5949998	0.370472896
4.5999999	0.370065582
4.605	0.369725469
4.6100001	0.369510646
4.6149998	0.36951928
4.6199999	0.369897932
4.625	0.370818964
4.6300001	0.372426311
4.6350002	0.374782811
4.6399999	0.37782643
4.645	0.381373244
4.6500001	0.385116859
4.6550002	0.3887302
4.6599998	0.391893167
4.665	0.394369663
4.6700001	0.396043044
4.6750002	0.39691013
4.6799998	0.397065116
4.6849999	0.396666411
4.6900001	0.395889703
4.6950002	0.394902856
4.6999998	0.393858545
4.7049999	0.39286781
4.71	0.391988375
4.7150002	0.391233482
4.7199998	0.390552962
4.7249999	0.389839835
4.73	0.388930397
4.7350001	0.387639875
4.7399998	0.385814657
4.7449999	0.383376317
4.75	0.380377295
4.7550001	0.377014348
4.7600002	0.373618188
4.7649999	0.370593027
4.77	0.368333358
4.7750001	0.367143295
4.7800002	0.367165069
4.7849998	0.368365133
4.79	0.370513099
4.7950001	0.373224749
4.8000002	0.376033422
4.8049998	0.378447755
4.8099999	0.380043881
4.8150001	0.380539798
4.8200002	0.379863594
4.8249998	0.378167856
4.8299999	0.375815366
4.835	0.373307401
4.8400002	0.37119444
4.8449998	0.369951423
4.8499999	0.36987754
4.855	0.371008882
4.8600001	0.373081268
4.8649998	0.375622749
4.8699999	0.378051178
4.875	0.37982165
4.8800001	0.380572007
4.8850002	0.380193124
4.8899999	0.378841276
4.895	0.376897661
4.9000001	0.374873079
4.9050002	0.373304129
4.9099998	0.372669517
4.915	0.373329033
4.9200001	0.375497966
4.9250002	0.379197955
4.9299998	0.384278785
4.9349999	0.390421839
4.9400001	0.397178578
4.9450002	0.404017927
4.9499998	0.410396318
4.9549999	0.415852361
4.96	0.420056651
4.9650002	0.422842238
4.9699998	0.424213642
4.9749999	0.424315928
4.98	0.423339205
4.9850001	0.42149273
4.9899998	0.418965322
4.9949999	0.41591657
5.0	0.412483804
5.0050001	0.408817294
5.0100002	0.405094997
5.0149999	0.401543232
5.02	0.398427697
5.0250001	0.396014971
5.0300002	0.394537744
5.0349998	0.394148488
5.04	0.394878652
5.0450001	0.396642231
5.0500002	0.399248595
5.0549998	0.40243424
5.0599999	0.405912549
5.0650001	0.409418723
5.0700002	0.41273945
5.0749998	0.415721751
5.0799999	0.418298083
5.085	0.420467554
5.0900002	0.42226505
5.0949998	0.423724623
5.0999999	0.424842411
5.105	0.425549463
5.1100001	0.425712933
5.1149998	0.425166741
5.1199999	0.423785309
5.125	0.421532143
5.1300001	0.418520642
5.1350002	0.41500908
5.1399999	0.411367841
5.145	0.407997377
5.1500001	0.405237235
5.1550002	0.40329785
5.1599998	0.402218798
5.165	0.401868846
5.1700001	0.402002143
5.1750002	0.402317654
5.1799998	0.402509705
5.1849999	0.402344514
5.1900001	0.401695897
5.1950002	0.400572158
5.1999998	0.399114162
5.2049999	0.397606668
5.21	0.396423227
5.2150002	0.395951745
5.2199998	0.396494677
5.2249999	0.398156027
5.23	0.400763426
5.2350001	0.403855244
5.2399998	0.406747575
5.2449999	0.408700737
5.25	0.40908437
5.2550001	0.40757606
5.2600002	0.404255462
5.2649999	0.399585595
5.27	0.394309341
5.2750001	0.389265173
5.2800002	0.385192197
5.2849998	0.382621678
5.29	0.38174981
5.2950001	0.382451078
5.3000002	0.384364412
5.3049998	0.386982577
5.3099999	0.389760921
5.3150001	0.392237814
5.3200002	0.394127088
5.3249998	0.395333115
5.3299999	0.395921895
5.335	0.396103734
5.3400002	0.396135891
5.3449998	0.396263599
5.3499999	0.396642463
5.355	0.397293373
5.3600001	0.398148314
5.3649998	0.399076633
5.3699999	0.399944222
5.375	0.400701019
5.3800001	0.401420584
5.3850002	0.402307485
5.3899999	0.403648415
5.395	0.405721921
5.4000001	0.408675622
5.4050002	0.412419945
5.4099998	0.416579394
5.415	0.42054591
5.4200001	0.423616919
5.4250002	0.425158595
5.4299998	0.42475709
5.4349999	0.422331461
5.4400001	0.418134279
5.4450002	0.412671769
5.4499998	0.406582729
5.4549999	0.4005032
5.46	0.39496532
5.4650002	0.390350121
5.4699998	0.386869738
5.4749999	0.384596256
5.48	0.38348626
5.4850001	0.383410247
5.4899998	0.384160729
5.4949999	0.385475247
5.5	0.387078451
5.5050001	0.38872203
5.5100002	0.390222521
5.5149999	0.391494935
5.52	0.392559872
5.5250001	0.393525919
5.5300002	0.394555899
5.5349998	0.39582641
5.54	0.397494878
5.5450001	0.399671993
5.5500002	0.402413518
5.5549998	0.40572716
5.5599999	0.409559432
5.5650001	0.413804752
5.5700002	0.418288464
5.5749998	0.422785297
5.5799999	0.427020684
5.585	0.430710748
5.5900002	0.433600983
5.5949998	0.435524652
5.5999999	0.436446159
5.605	0.436490849
5.6100001	0.435911371
5.6149998	0.435041293
5.6199999	0.434216517
5.625	0.43369122
5.6300001	0.433575305
5.6350002	0.433831469
5.6399999	0.434311363
5.645	0.434801747
5.6500001	0.435097605
5.6550002	0.435072015
5.6599998	0.434700989
5.665	0.434033626
5.6700001	0.433170914
5.6750002	0.43223199
5.6799998	0.431258581
5.6849999	0.430235621
5.6900001	0.42909939
5.6950002	0.427785962
5.6999998	0.426287883
5.7049999	0.424710086
5.71	0.423340706
5.7150002	0.422546028
5.7199998	0.422724853
5.7249999	0.424145694
5.73	0.42683284
5.7350001	0.430582725
5.7399998	0.434897118
5.7449999	0.439157423
5.75	0.442784254
5.7550001	0.445391779
5.7600002	0.446879656
5.7649999	0.447437361
5.77	0.447423056
5.7750001	0.447236556
5.7800002	0.447191963
5.7849998	0.44744897
5.79	0.447990796
5.7950001	0.448644916
5.8000002	0.449161598
5.8049998	0.449270819
5.8099999	0.448719553
5.8150001	0.447308316
5.8200002	0.444914642
5.8249998	0.441519437
5.8299999	0.437231452
5.835	0.432295011
5.8400002	0.427079665
5.8449998	0.422016216
5.8499999	0.417533969
5.855	0.413981494
5.8600001	0.411570056
5.8649998	0.410370734
5.8699999	0.410311237
5.875	0.411215559
5.8800001	0.412845368
5.8850002	0.414916541
5.8899999	0.417113363
5.895	0.419103163
5.9000001	0.420556208
5.9050002	0.421198467
5.9099998	0.42089288
5.915	0.419664924
5.9200001	0.417745902
5.9250002	0.415516218
5.9299998	0.413416795
5.9349999	0.411843717
5.9400001	0.411045761
5.9450002	0.411072406
5.9499998	0.411784055
5.9549999	0.412904627
5.96	0.414112646
5.9650002	0.415149379
5.9699998	0.415856365
5.9749999	0.416215427
5.98	0.416324506
5.9850001	0.416381122
5.9899998	0.416598036
5.9949999	0.417167534
6.0	0.418211274
6.0050001	0.419767318
6.0100002	0.421788858
6.0149999	0.424132561
6.02	0.426579633
6.0250001	0.4288692
6.0300002	0.43074082
6.0349998	0.431928632
6.04	0.432244625
6.0450001	0.431589691
6.0500002	0.429996501
6.0549998	0.427624015
6.0599999	0.424762981
6.0650001	0.421780089
6.0700002	0.419079307
6.0749998	0.417010792
6.0799999	0.4158044
6.085	0.415492556
6.0900002	0.415901586
6.0949998	0.416695208
6.0999999	0.417468373
6.105	0.417867957
6.1100001	0.417695641
6.1149998	0.416979818
6.1199999	0.415956917
6.125	0.414969672
6.1300001	0.414372667
6.1350002	0.41437313
6.1399999	0.41498226
6.145	0.416007286
6.1500001	0.41711087
6.1550002	0.417911896
6.1599998	0.418091775
6.165	0.417462149
6.1700001	0.415996493
6.1750002	0.413796589
6.1799998	0.411043672
6.1849999	0.407919255
6.1900001	0.404571528
6.1950002	0.40111308
6.1999998	0.397617338
6.2049999	0.394157857
6.21	0.39081778
6.2150002	0.387700033
6.2199998	0.384924457
6.2249999	0.38257551
6.23	0.38070461
6.2350001	0.379321262
6.2399998	0.378409665
6.2449999	0.377948636
6.25	0.377941036
6.2550001	0.378426252
6.2600002	0.379470313
6.2649999	0.381146448
6.27	0.383499001
6.2750001	0.38651381
6.2800002	0.390095669
6.2849998	0.394036776
6.29	0.398088114
6.2950001	0.401955196
6.3000002	0.405360872
6.3049998	0.40809002
6.3099999	0.410025584
6.3150001	0.411158303
6.3200002	0.411585165
6.3249998	0.41148956
6.3299999	0.411104772
6.335	0.410659866
6.3400002	0.410333102
6.3449998	0.41020924
6.3499999	0.410264918
6.355	0.410396499
6.3600001	0.410453798
6.3649998	0.410319508
6.3699999	0.409961496
6.375	0.409462115
6.3800001	0.40902878
6.3850002	0.408940545
6.3899999	0.40944873
6.395	0.410703983
6.4000001	0.412689151
6.4050002	0.415221488
6.4099998	0.417994799
6.415	0.420670905
6.4200001	0.422974555
6.4250002	0.424771634
6.4299998	0.426087565
6.4349999	0.427068194
6.4400001	0.42790574
6.4450002	0.428775667
6.4499998	0.429780994
6.4549999	0.430935106
6.46	0.432187642
6.4650002	0.433472539
6.4699998	0.434767146
6.4749999	0.436121956
6.48	0.437654526
6.4850001	0.439510518
6.4899998	0.441815112
6.4949999	0.444602056
6.5	0.447801845
6.5050001	0.451222554
6.5100002	0.454585572
6.5149999	0.457572868
6.52	0.459883334
6.5250001	0.461265552
6.5300002	0.461553758
6.5349998	0.460705523
6.54	0.458821858
6.5450001	0.456142612
6.5500002	0.453038387
6.5549998	0.449974113
6.5599999	0.44743419
6.5650001	0.445840292
6.5700002	0.445477958
6.5749998	0.446458802
6.5799999	0.448677399
6.585	0.451887132
6.5900002	0.455716591
6.5949998	0.45973844
6.5999999	0.463513275
6.605	0.466617756
6.6100001	0.468663337
6.6149998	0.469303638
6.6199999	0.468292462
6.625	0.46553709
6.6300001	0.461159199
6.6350002	0.455510531
6.6399999	0.449158723
6.645	0.442810359
6.6500001	0.437187676
6.6550002	0.432901321
6.6599998	0.430336678
6.665	0.429617279
6.6700001	0.430612407
6.6750002	0.432989003
6.6799998	0.436294178
6.6849999	0.440037523
6.6900001	0.443761758
6.6950002	0.447095699
6.6999998	0.449767266
6.7049999	0.451625543
6.71	0.452626024
6.7150002	0.452828446
6.7199998	0.452382954
6.7249999	0.451498651
6.73	0.450424859
6.7350001	0.449414322
6.7399998	0.448709929
6.7449999	0.448527565
6.75	0.449013425
6.7550001	0.45022841
6.7600002	0.452127568
6.7649999	0.454538193
6.77	0.457172086
6.7750001	0.459661461
6.7800002	0.461627417
6.7849998	0.462751584
6.79	0.462845324
6.7950001	0.461879275
6.8000002	0.459975454
6.8049998	0.4573789
6.8099999	0.454387965
6.8150001	0.451294291
6.8200002	0.448338496
6.8249998	0.445685518
6.8299999	0.44342047
6.835	0.44156882
6.8400002	0.440111895
6.8449998	0.439032916
6.8499999	0.43833445
6.855	0.438051493
6.8600001	0.43825457
6.8649998	0.439035612
6.8699999	0.440451486
6.875	0.442484834
6.8800001	0.445060499
6.8850002	0.448014654
6.8899999	0.45111708
6.895	0.454102137
6.9000001	0.456715429
6.9050002	0.458743632
6.9099998	0.460007552
6.915	0.46038669
6.9200001	0.459810788
6.9250002	0.458270631
6.9299998	0.455833639
6.9349999	0.452663197
6.9400001	0.449023748
6.9450002	0.445267883
6.9499998	0.441795868
6.9549999	0.439014271
6.96	0.437257414
6.9650002	0.436742857
6.9699998	0.437536634
6.9749999	0.439553747
6.98	0.442556509
6.9850001	0.446203407
6.9899998	0.450091129
6.9949999	0.4538202
7.0	0.457023274
7.0050001	0.459410269
7.0100002	0.460787121
7.0149999	0.461103871
7.02	0.460440836
7.0250001	0.459003477
7.0300002	0.457100537
7.0349998	0.45508943
7.04	0.453294561
7.0450001	0.451931759
7.0500002	0.451071105
7.0549998	0.450609909
7.0599999	0.450326862
7.0650001	0.449980983
7.0700002	0.449390307
7.0749998	0.448503187
7.0799999	0.447398847
7.085	0.446261303
7.0900002	0.445292754
7.0949998	0.444644123
7.0999999	0.44436288
7.105	0.444381164
7.1100001	0.444536472
7.1149998	0.444618272
7.1199999	0.444422092
7.125	0.443805177
7.1300001	0.442724572
7.1350002	0.441255671
7.1399999	0.439596506
7.145	0.438036528
7.1500001	0.436906483
7.1550002	0.436529702
7.1599998	0.437148715
7.165	0.438895658
7.1700001	0.441766136
7.1750002	0.445630468
7.1799998	0.450235024
7.1849999	0.455250902
7.1900001	0.460330258
7.1950002	0.465143492
7.1999998	0.469376902
7.2049999	0.472796451
7.21	0.475241259
7.2150002	0.476635559
7.2199998	0.47699399
7.2249999	0.476424795
7.23	0.475134969
7.2350001	0.473419529
7.2399998	0.471637787
7.2449999	0.470157054
7.25	0.469287447
7.2550001	0.469219637
7.2600002	0.469987061
7.2649999	0.471463166
7.27	0.473402853
7.2750001	0.475494854
7.2800002	0.477444394
7.2849998	0.479023245
7.29	0.48009663
7.2950001	0.480628116
7.3000002	0.480665375
7.3049998	0.480309997
7.3099999	0.479688691
7.3150001	0.478927421
7.3200002	0.478133474
7.3249998	0.47737568
7.3299999	0.476664245
7.335	0.475982935
7.3400002	0.475286385
7.3449998	0.474512283
7.3499999	0.473592719
7.355	0.472464495
7.3600001	0.471064728
7.3649998	0.469341056
7.3699999	0.467256952
7.375	0.464796744
7.3800001	0.462028362
7.3850002	0.459059225
7.3899999	0.456087218
7.395	0.453377446
7.4000001	0.451206284
7.4050002	0.449856465
7.4099998	0.449531422
7.415	0.450317453
7.4200001	0.452189115
7.4250002	0.454956484
7.4299998	0.45832814
7.4349999	0.461938882
7.4400001	0.465400149
7.4450002	0.468356103
7.4499998	0.470539639
7.4549999	0.471814645
7.46	0.472195558
7.4650002	0.471833937
7.4699998	0.470957898
7.4749999	0.469796749
7.48	0.468511607
7.4850001	0.467151795
7.4899998	0.465682126
7.4949999	0.46403881
7.5	0.462195589
7.5050001	0.460213929
7.5100002	0.458244081
7.5149999	0.456500532
7.52	0.455202544
7.5250001	0.454503516
7.5300002	0.454457997
7.5349998	0.455010799
7.54	0.456001522
7.5450001	0.457195647
7.5500002	0.458327363
7.5549998	0.459142347
7.5599999	0.4594316
7.5650001	0.459064836
7.5700002	0.458000416
7.5749998	0.456294353
7.5799999	0.454083453
7.585	0.451569064
7.5900002	0.448989425
7.5949998	0.446592482
7.5999999	0.444602068
7.605	0.443194665
7.6100001	0.442480912
7.6149998	0.442495654
7.6199999	0.443204791
7.625	0.444533174
7.6300001	0.446371257
7.6350002	0.448595448
7.6399999	0.45108147
7.645	0.45370234
7.6500001	0.456339351
7.6550002	0.458875381
7.6599998	0.461215052
7.665	0.46328064
7.6700001	0.465028082
7.6750002	0.466458545
7.6799998	0.467616437
7.6849999	0.468588242
7.6900001	0.469492535
7.6950002	0.47047126
7.6999998	0.471677492
7.7049999	0.473270405
7.71	0.475383638
7.7150002	0.478080172
7.7199998	0.48132169
7.7249999	0.484949493
7.73	0.488686415
7.7350001	0.49218137
7.7399998	0.495076014
7.7449999	0.497087733
7.75	0.498064662
7.7550001	0.498028391
7.7600002	0.497163936
7.7649999	0.495768506
7.77	0.494186948
7.7750001	0.492733914
7.7800002	0.491631746
7.7849998	0.490982145
7.79	0.490767062
7.7950001	0.490880762
7.8000002	0.491175972
7.8049998	0.491501889
7.8099999	0.49177188
7.8150001	0.491934448
7.8200002	0.491975936
7.8249998	0.491901768
7.8299999	0.49171597
7.835	0.491395754
7.8400002	0.490885769
7.8449998	0.490135517
7.8499999	0.489129409
7.855	0.487888264
7.8600001	0.486491911
7.8649998	0.48505876
7.8699999	0.483702525
7.875	0.482491507
7.8800001	0.481429631
7.8850002	0.480462554
7.8899999	0.479523594
7.895	0.478560457
7.9000001	0.477572815
7.9050002	0.476613953
7.9099998	0.475767732
7.915	0.475116335
7.9200001	0.474723618
7.9250002	0.474625747
7.9299998	0.474834459
7.9349999	0.475354615
7.9400001	0.476172734
7.9450002	0.477259477
7.9499998	0.478555268
7.9549999	0.479959964
7.96	0.481335157
7.9650002	0.48253784
7.9699998	0.483438269
7.9749999	0.483942458
7.98	0.484007499
7.9850001	0.483637484
7.9899998	0.48287759
7.9949999	0.481813928
8.0	0.480559977
8.0050001	0.479263686
8.0100002	0.478084131
8.0150003	0.477184349
8.0200005	0.476702046
8.0249996	0.476724355
8.0299997	0.477271418
8.0349998	0.478287022
8.04	0.479641844
8.0450001	0.481157589
8.0500002	0.482642055
8.0550003	0.483926826
8.0600004	0.484898475
8.0649996	0.485525849
8.0699997	0.48585733
8.0749998	0.486003983
8.0799999	0.486107268
8.085	0.486314407
8.0900002	0.4867221
8.0950003	0.487382718
8.1000004	0.488274574
8.1049995	0.489314513
8.1099997	0.490370158
8.1149998	0.491280592
8.1199999	0.491859021
8.125	0.491927571
8.1300001	0.491337204
8.1350002	0.489987753
8.1400003	0.487870473
8.1450005	0.485049716
8.1499996	0.481688855
8.1549997	0.478029139
8.1599998	0.474323882
8.165	0.470816079
8.1700001	0.467698971
8.1750002	0.465097826
8.1800003	0.463056424
8.1850004	0.461595565
8.1899996	0.460729912
8.1949997	0.460490455
8.1999998	0.460913667
8.2049999	0.462006355
8.21	0.463685153
8.2150002	0.46574741
8.2200003	0.467879396
8.2250004	0.469661758
8.2299995	0.470699273
8.2349997	0.470716331
8.2399998	0.469638793
8.2449999	0.467618767
8.25	0.46500967
8.2550001	0.462280244
8.2600002	0.459905149
8.2650003	0.458251929
8.2700005	0.457511413
8.2749996	0.457679447
8.2799997	0.458591049
8.2849998	0.460001012
8.29	0.461644729
8.2950001	0.46333095
8.3000002	0.464961179
8.3050003	0.466526463
8.3100004	0.46804288
8.3149996	0.469513587
8.3199997	0.470878339
8.3249998	0.472009523
8.3299999	0.472756573
8.335	0.473000716
8.3400002	0.472710324
8.3450003	0.471971581
8.3500004	0.470960526
8.3549995	0.469879287
8.3599997	0.468876355
8.3649998	0.467998103
8.3699999	0.467163661
8.375	0.466201729
8.3800001	0.46492341
8.3850002	0.463203268
8.3900003	0.461045833
8.3950005	0.458627631
8.3999996	0.456265212
8.4049997	0.454348672
8.4099998	0.453241446
8.415	0.453182749
8.4200001	0.454211313
8.4250002	0.456135238
8.4300003	0.458579062
8.4350004	0.461042073
8.4399996	0.463011425
8.4449997	0.464066302
8.4499998	0.46397072
8.4549999	0.462713973
8.46	0.460480004
8.4650002	0.457596785
8.4700003	0.454477652
8.4750004	0.451519094
8.4799995	0.44904645
8.4849997	0.447279257
8.4899998	0.446312259
8.4949999	0.446149427
8.5	0.44670758
8.5050001	0.447852841
8.5100002	0.449450299
8.5150003	0.451388016
8.5200005	0.453605586
8.5249996	0.456110222
8.5299997	0.458957689
8.5349998	0.46220604
8.54	0.46586616
8.5450001	0.469870225
8.5500002	0.474052077
8.5550003	0.478166764
8.5600004	0.481951591
8.5649996	0.48516733
8.5699997	0.487639685
8.5749998	0.489282085
8.5799999	0.490081891
8.585	0.490081483
8.5900002	0.489392304
8.5950003	0.488163467
8.6000004	0.486559634
8.6049995	0.484766561
8.6099997	0.482968016
8.6149998	0.481327331
8.6199999	0.479976896
8.625	0.479020645
8.6300001	0.478551582
8.6350002	0.478613996
8.6400003	0.479239785
8.6450005	0.48040834
8.6499996	0.482032862
8.6549997	0.483954149
8.6599998	0.485963968
8.665	0.487841834
8.6700001	0.489398599
8.6750002	0.490515417
8.6800003	0.491157171
8.6850004	0.491372861
8.6899996	0.491269577
8.6949997	0.490986658
8.6999998	0.490687972
8.7049999	0.490515238
8.71	0.490578161
8.7150002	0.490931522
8.7200003	0.491569253
8.7250004	0.492429001
8.7299995	0.493403584
8.7349997	0.494378856
8.7399998	0.495261911
8.7449999	0.496000996
8.75	0.496605221
8.7550001	0.497119737
8.7600002	0.497597975
8.7650003	0.498076912
8.7700005	0.49852812
8.7749996	0.498854123
8.7799997	0.49888542
8.7849998	0.498418699
8.79	0.497250538
8.7950001	0.495242602
8.8000002	0.492362423
8.8050003	0.488704366
8.8100004	0.484476227
8.8149996	0.479964088
8.8199997	0.475477291
8.8249998	0.471295334
8.8299999	0.467616233
8.835	0.464551533
8.8400002	0.462136537
8.8450003	0.460371153
8.8500004	0.459259451
8.8549995	0.458849397
8.8599997	0.459225566
8.8649998	0.460505728
8.8699999	0.462781958
8.875	0.466065839
8.8800001	0.470248421
8.8850002	0.47509579
8.8900003	0.480299799
8.8950005	0.485525622
8.8999996	0.490493071
8.9049997	0.495019188
8.9099998	0.499043367
8.915	0.502609845
8.9200001	0.505797382
8.9250002	0.508680707
8.9300003	0.511247872
8.9350004	0.513394343
8.9399996	0.514938694
8.9449997	0.515665311
8.9499998	0.5153822
8.9549999	0.513987969
8.96	0.511487859
8.9650002	0.507982676
8.9700003	0.503676987
8.9750004	0.498844242
8.9799995	0.493778436
8.9849997	0.488782838
8.9899998	0.484142766
8.9949999	0.480103841
9.0	0.476853152
9.0050001	0.474499218
9.0100002	0.473051448
9.0150003	0.472411934
9.0200005	0.472386866
9.0249996	0.472726578
9.0299997	0.473183541
9.0349998	0.473568323
9.04	0.4737892
9.0450001	0.473869558
9.0500002	0.473920612
9.0550003	0.47409836
9.0600004	0.474554993
9.0649996	0.475398986
9.0699997	0.476676161
9.0749998	0.478376242
9.0799999	0.480434377
9.085	0.48273438
9.0900002	0.485136902
9.0950003	0.487480419
9.1000004	0.489587652
9.1049995	0.491295225
9.1099997	0.492472802
9.1149998	0.49304909
9.1199999	0.49302825
9.125	0.492503048
9.1300001	0.491639264
9.1350002	0.49064517
9.1400003	0.489721689
9.1450005	0.489016074
9.1499996	0.488600897
9.1549997	0.488445204
9.1599998	0.488413544
9.165	0.488327596
9.1700001	0.487990255
9.1750002	0.48722143
9.1800003	0.485889258
9.1850004	0.483928766
9.1899996	0.481341043
9.1949997	0.47817885
9.1999998	0.474566904
9.2049999	0.47067844
9.21	0.466747877
9.2150002	0.463007128
9.2200003	0.459684398
9.2250004	0.456954978
9.2299995	0.454924665
9.2349997	0.453618512
9.2399998	0.452975021
9.2449999	0.452874932
9.25	0.453162918
9.2550001	0.453669745
9.2600002	0.454238756
9.2650003	0.454714825
9.2700005	0.454987203
9.2749996	0.454999137
9.2799997	0.45475802
9.2849998	0.454348202
9.29	0.453914204
9.2950001	0.453622319
9.3000002	0.453624264
9.3050003	0.454004157
9.3100004	0.454732252
9.3149996	0.455666392
9.3199997	0.456583793
9.3249998	0.457238757
9.3299999	0.457442475
9.335	0.457150008
9.3400002	0.456480429
9.3450003	0.455700311
9.3500004	0.45514162
9.3549995	0.455093119
9.3599997	0.455713077
9.3649998	0.45696425
9.3699999	0.458628036
9.375	0.460377593
9.3800001	0.46187807
9.3850002	0.462879585
9.3900003	0.46328842
9.3950005	0.463166824
9.3999996	0.462703343
9.4049997	0.462143074
9.4099998	0.461715502
9.415	0.46158254
9.4200001	0.461816208
9.4250002	0.462389972
9.4300003	0.463215181
9.4350004	0.464179771
9.4399996	0.465183099
9.4449997	0.466172252
9.4499998	0.467160272
9.4549999	0.46821297
9.46	0.469436459
9.4650002	0.470922903
9.4700003	0.472692136
9.4750004	0.474660876
9.4799995	0.476639762
9.4849997	0.478356051
9.4899998	0.479515472
9.4949999	0.479861553
9.5	0.479238147
9.5050001	0.477617354
9.5100002	0.47510948
9.5150003	0.471949726
9.5200005	0.468459429
9.5249996	0.464983801
9.5299997	0.461860959
9.5349998	0.459373885
9.54	0.457678221
9.5450001	0.456809042
9.5500002	0.45667109
9.5550003	0.457076414
9.5600004	0.457801172
9.5649996	0.458643677
9.5699997	0.459473959
9.5749998	0.460248862
9.5799999	0.460996451
9.585	0.461764604
9.5900002	0.462566147
9.5950003	0.4633421
9.6000004	0.463967182
9.6049995	0.464292412
9.6099997	0.464211424
9.6149998	0.46371764
9.6199999	0.462922981
9.625	0.462038723
9.6300001	0.461322487
9.6350002	0.461000377
9.6400003	0.461208678
9.6450005	0.461982819
9.6499996	0.463260423
9.6549997	0.464910967
9.6599998	0.466791427
9.665	0.468771916
9.6700001	0.47075906
9.6750002	0.472698823
9.6800003	0.474571306
9.6850004	0.476358656
9.6899996	0.478035421
9.6949997	0.479545351
9.6999998	0.480801088
9.7049999	0.481717224
9.71	0.482227281
9.7150002	0.482314648
9.7200003	0.482029628
9.7250004	0.481485059
9.7299995	0.480840441
9.7349997	0.480268836
9.7399998	0.479912417
9.7449999	0.479867172
9.75	0.480163716
9.7550001	0.480749411
9.7600002	0.481527907
9.7650003	0.482387183
9.7700005	0.483220792
9.7749996	0.483964426
9.7799997	0.484602722
9.7849998	0.485180677
9.79	0.485783461
9.7950001	0.486508219
9.8000002	0.487458113
9.8050003	0.488705094
9.8100004	0.490267069
9.8149996	0.492127559
9.8199997	0.494195551
9.8249998	0.496324516
9.8299999	0.498344025
9.835	0.500079704
9.8400002	0.50138613
9.8450003	0.502152786
9.8500004	0.502315619
9.8549995	0.501863772
9.8599997	0.500838565
9.8649998	0.499316503
9.8699999	0.497409573
9.875	0.495232377
9.8800001	0.492896692
9.8850002	0.490463845
9.8900003	0.487961153
9.8950005	0.485393371
9.8999996	0.48278302
9.9049997	0.480173276
9.9099998	0.477663969
9.915	0.475418954
9.9200001	0.473642795
9.9250002	0.472549218
9.9300003	0.472322983
9.9350004	0.4730801
9.9399996	0.47485687
9.9449997	0.477588923
9.9499998	0.481130968
9.9549999	0.485257866
9.96	0.489690491
9.9650002	0.49412266
9.9700003	0.498238852
9.9750004	0.501749548
9.9799995	0.504425097
9.9849997	0.50612164
9.9899998	0.506799607
9.9949999	0.506527168
10.0	0.505458834
10.005	0.503813324
10.01	0.50183388
10.015	0.499752862
10.02	0.497763483
10.025	0.496007594
10.03	0.494569554
10.035	0.493478709
10.04	0.492711671
10.045	0.492204911
10.05	0.491860985
10.055	0.49155977
10.06	0.491170915
10.065	0.490572114
10.07	0.489668783
10.075	0.488396492
10.08	0.486752131
10.085	0.484796538
10.09	0.482635666
10.095	0.480412457
10.1	0.478280117
10.105	0.476370463
10.11	0.474769027
10.115	0.473510719
10.12	0.472565592
10.125	0.471866954
10.13	0.471312777
10.135	0.470838488
10.14	0.470423624
10.145	0.470089734
10.15	0.469913177
10.155	0.470005246
10.16	0.470495717
10.165	0.47151527
10.17	0.473172279
10.175	0.475555864
10.18	0.478716048
10.185	0.482637948
10.19	0.487219457
10.195	0.492270173
10.2	0.497511834
10.205	0.502607267
10.21	0.50720344
10.215	0.510990872
10.22	0.513766134
10.225	0.51546882
10.23	0.516185939
10.235	0.516126492
10.24	0.515557731
10.245	0.514733173
10.25	0.513846273
10.255	0.512990715
10.26	0.512162872
10.265	0.511285212
10.27	0.510219355
10.275	0.508812797
10.28	0.506940521
10.285	0.504548707
10.29	0.501658092
10.295	0.498403035
10.3	0.495031627
10.305	0.491878618
10.31	0.489323505
10.315	0.487687748
10.32	0.487219371
10.325	0.488012252
10.33	0.489991755
10.335	0.492926851
10.34	0.496459118
10.345	0.500144365
10.35	0.503497744
10.355	0.506043439
10.36	0.507375004
10.365	0.507218654
10.37	0.505499008
10.375	0.502343893
10.38	0.498100597
10.385	0.493264027
10.39	0.488390516
10.395	0.484000785
10.4	0.480486044
10.405	0.478070743
10.41	0.476785514
10.415	0.476499232
10.42	0.47695463
10.425	0.477831819
10.43	0.478804708
10.435	0.479600106
10.44	0.480036253
10.445	0.480033372
10.45	0.479647903
10.455	0.47901732
10.46	0.478350376
10.465	0.4778438
10.47	0.477647283
10.475	0.47783466
10.48	0.478396525
10.485	0.47924395
10.49	0.480260284
10.495	0.481369886
10.5	0.482531322
10.505	0.483761093
10.51	0.485114376
10.515	0.486647519
10.52	0.488393294
10.525	0.490348401
10.53	0.492485263
10.535	0.494771051
10.54	0.497177609
10.545	0.499708228
10.55	0.502352895
10.555	0.505071074
10.56	0.507741079
10.565	0.510175991
10.57	0.512129156
10.575	0.513351015
10.58	0.513649207
10.585	0.512953366
10.59	0.511347075
10.595	0.509074922
10.6	0.506499506
10.605	0.504024145
10.61	0.502002324
10.615	0.500657528
10.62	0.500047298
10.625	0.500065132
10.63	0.500499842
10.635	0.501089768
10.64	0.501611705
10.645	0.501922904
10.65	0.501973858
10.655	0.501792359
10.66	0.501460891
10.665	0.501072861
10.67	0.500719159
10.675	0.500461817
10.68	0.500327748
10.685	0.500311853
10.69	0.500378321
10.695	0.500481759
10.7	0.500580463
10.705	0.500666498
10.71	0.500768971
10.715	0.500958267
10.72	0.50132452
10.725	0.501958138
10.73	0.50292995
10.735	0.5042613
10.74	0.505922333
10.745	0.507825458
10.75	0.509831427
10.755	0.511769658
10.76	0.51345398
10.765	0.514706242
10.77	0.51537879
10.775	0.515373562
10.78	0.514658349
10.785	0.513281013
10.79	0.511366159
10.795	0.509105369
10.8	0.506725496
10.805	0.504444192
10.81	0.502426156
10.815	0.500757991
10.82	0.49940773
10.825	0.498247264
10.83	0.497105335
10.835	0.495799121
10.84	0.494187999
10.845	0.492219483
10.85	0.48994223
10.855	0.487486856
10.86	0.485031503
10.865	0.482738722
10.87	0.480719129
10.875	0.479020261
10.88	0.477623729
10.885	0.47650588
10.89	0.47567449
10.895	0.475205343
10.9	0.475240406
10.905	0.475943133
10.91	0.47744784
10.915	0.479814134
10.92	0.482973857
10.925	0.486734811
10.93	0.490804915
10.935	0.494843194
10.94	0.498527075
10.945	0.501606496
10.95	0.503945783
10.955	0.505528025
10.96	0.506419937
10.965	0.506724803
10.97	0.506539229
10.975	0.50591819
10.98	0.50488187
10.985	0.503448642
10.99	0.501680462
10.995	0.499686744
11.0	0.497637486
11.005	0.495733473
11.01	0.494161669
11.015	0.493056049
11.02	0.492470944
11.025	0.492377892
11.03	0.492681286
11.035	0.493250167
11.04	0.493949206
11.045	0.494673563
11.05	0.495361032
11.055	0.49599927
11.06	0.496609735
11.065	0.49723618
11.07	0.497920297
11.075	0.498683965
11.08	0.499531134
11.085	0.500439086
11.09	0.501363332
11.095	0.502249981
11.1	0.503044566
11.105	0.503698817
11.11	0.504186469
11.115	0.504499472
11.12	0.504638819
11.125	0.504611788
11.13	0.504421235
11.135	0.504046529
11.14	0.503460984
11.145	0.502629628
11.15	0.501515259
11.155	0.500118759
11.16	0.498498732
11.165	0.496789534
11.17	0.495196022
11.175	0.493966955
11.18	0.493350692
11.185	0.493550292
11.19	0.494678854
11.195	0.496736274
11.2	0.499601667
11.205	0.503054806
11.21	0.506830061
11.215	0.510661996
11.22	0.514337256
11.225	0.517731713
11.23	0.520813734
11.235	0.523629485
11.24	0.52624997
11.245	0.528719382
11.25	0.531001147
11.255	0.532962795
11.26	0.534379036
11.265	0.534969627
11.27	0.534477009
11.275	0.532720396
11.28	0.529666513
11.285	0.525464825
11.29	0.520421491
11.295	0.514970218
11.3	0.509595567
11.305	0.504745159
11.31	0.50077953
11.315	0.497911049
11.32	0.496191801
11.325	0.495528458
11.33	0.495722001
11.335	0.496517203
11.34	0.497652449
11.345	0.498889485
11.35	0.500037331
11.355	0.500945716
11.36	0.501514466
11.365	0.501693995
11.37	0.50147744
11.375	0.500895236
11.38	0.500001733
11.385	0.498864907
11.39	0.497536249
11.395	0.496032982
11.4	0.494359582
11.405	0.492523746
11.41	0.490567639
11.415	0.4886033
11.42	0.486825688
11.425	0.485484787
11.43	0.484838299
11.435	0.485068746
11.44	0.486226694
11.445	0.488157884
11.45	0.490526971
11.455	0.492876656
11.46	0.494723528
11.465	0.495712774
11.47	0.495674326
11.475	0.494723043
11.48	0.493199879
11.485	0.491588178
11.49	0.490383423
11.495	0.489960993
11.5	0.490482456
11.505	0.491872867
11.51	0.493877219
11.515	0.496150343
11.52	0.498380932
11.525	0.500374038
11.53	0.50208001
11.535	0.503562175
11.54	0.504931795
11.545	0.506276564
11.55	0.507628181
11.555	0.508952427
11.56	0.510166682
11.565	0.511173052
11.57	0.511884913
11.575	0.512244124
11.58	0.512211911
11.585	0.511765556
11.59	0.510902585
11.595	0.509630377
11.6	0.507994349
11.605	0.506093247
11.61	0.504088832
11.615	0.502196397
11.62	0.500651757
11.625	0.499680192
11.63	0.499438777
11.635	0.499992319
11.64	0.501296126
11.645	0.503197738
11.65	0.505461004
11.655	0.507801916
11.66	0.50993191
11.665	0.511602796
11.67	0.512626438
11.675	0.512931635
11.68	0.512552702
11.685	0.511614195
11.69	0.510320318
11.695	0.508908758
11.7	0.507604617
11.705	0.506560829
11.71	0.505865404
11.715	0.505498953
11.72	0.505370711
11.725	0.505339491
11.73	0.505244323
11.735	0.504960561
11.74	0.504425409
11.745	0.503647108
11.75	0.502709498
11.755	0.50175203
11.76	0.500947279
11.765	0.500479396
11.77	0.500497705
11.775	0.501089782
11.78	0.502255218
11.785	0.503888652
11.79	0.505796813
11.795	0.507724518
11.8	0.509423124
11.805	0.510680754
11.81	0.511349719
11.815	0.511378348
11.82	0.510789882
11.825	0.509674046
11.83	0.508162669
11.835	0.50640583
11.84	0.50455917
11.845	0.502766132
11.85	0.501148722
11.855	0.499800506
11.86	0.498781493
11.865	0.498123341
11.87	0.497839852
11.875	0.497944006
11.88	0.498462839
11.885	0.499444366
11.89	0.500946467
11.895	0.503007655
11.9	0.505627391
11.905	0.508739594
11.91	0.51221216
11.915	0.515870766
11.92	0.519530084
11.925	0.523024783
11.93	0.526236496
11.935	0.529104442
11.94	0.531612578
11.945	0.533771397
11.95	0.535576723
11.955	0.537011723
11.96	0.538002746
11.965	0.538436138
11.97	0.538173749
11.975	0.537091784
11.98	0.535121918
11.985	0.532276719
11.99	0.528681615
11.995	0.52456265
12.0	0.520220935
12.005	0.515996047
12.01	0.512214176
12.015	0.509133099
12.02	0.506901355
12.025	0.505545998
12.03	0.504956704
12.035	0.504918017
12.04	0.505148037
12.045	0.505361401
12.05	0.505332795
12.055	0.504956162
12.06	0.504263207
12.065	0.503446657
12.07	0.502786652
12.075	0.502572459
12.08	0.503011385
12.085	0.504145328
12.09	0.505833599
12.095	0.507774453
12.1	0.50957974
12.105	0.510878752
12.11	0.511412724
12.115	0.511086997
12.12	0.509989614
12.125	0.508355478
12.13	0.506500642
12.135	0.504745841
12.14	0.503345251
12.145	0.502455517
12.15	0.502133759
12.155	0.502351085
12.16	0.503016793
12.165	0.50400971
12.17	0.505209544
12.175	0.506511046
12.18	0.507836967
12.185	0.509147768
12.19	0.510439698
12.195	0.511736039
12.2	0.513065314
12.205	0.514445216
12.21	0.515854367
12.215	0.517243392
12.22	0.518524323
12.225	0.519587169
12.23	0.52032365
12.235	0.52064232
12.24	0.520486473
12.245	0.519851325
12.25	0.518775055
12.255	0.517335458
12.26	0.515625324
12.265	0.513729568
12.27	0.511708086
12.275	0.509579118
12.28	0.507329591
12.285	0.504924366
12.29	0.502338028
12.295	0.499588663
12.3	0.496776655
12.305	0.494072231
12.31	0.491719555
12.315	0.489988305
12.32	0.489126282
12.325	0.48929904
12.33	0.490537307
12.335	0.49273201
12.34	0.495642354
12.345	0.498946698
12.35	0.502310789
12.355	0.505458116
12.36	0.508224935
12.365	0.510583206
12.37	0.512617817
12.375	0.514478751
12.38	0.516316109
12.385	0.518222592
12.39	0.520197381
12.395	0.522154992
12.4	0.523962983
12.405	0.525483196
12.41	0.526620767
12.415	0.527349643
12.42	0.527722411
12.425	0.527849806
12.43	0.527873219
12.435	0.527928795
12.44	0.528114907
12.445	0.528479378
12.45	0.52901512
12.455	0.529657594
12.46	0.530298935
12.465	0.530809843
12.47	0.53105558
12.475	0.530922887
12.48	0.530315912
12.485	0.529208788
12.49	0.527655333
12.495	0.525791024
12.5	0.523824675
12.505	0.522013807
12.51	0.520598462
12.515	0.519760221
12.52	0.519577542
12.525	0.520018592
12.53	0.520958993
12.535	0.522230934
12.54	0.523653952
12.545	0.525076226
12.55	0.526386293
12.555	0.527513677
12.56	0.52841726
12.565	0.529083232
12.57	0.529521177
12.575	0.529759357
12.58	0.529838424
12.585	0.529805555
12.59	0.529705622
12.595	0.529562574
12.6	0.529388994
12.605	0.529183064
12.61	0.528909896
12.615	0.528530713
12.62	0.528007117
12.625	0.527311981
12.63	0.526441036
12.635	0.525419773
12.64	0.524311327
12.645	0.523232301
12.65	0.522321381
12.655	0.521729066
12.66	0.52155894
12.665	0.521850963
12.67	0.522551656
12.675	0.52350768
12.68	0.524507436
12.685	0.52535416
12.69	0.525909078
12.695	0.526130502
12.7	0.526076913
12.705	0.525873744
12.71	0.525660573
12.715	0.525535692
12.72	0.52552013
12.725	0.525568143
12.73	0.525594459
12.735	0.52553067
12.74	0.52536822
12.745	0.525180388
12.75	0.52511122
12.755	0.52532157
12.76	0.525924288
12.765	0.526927249
12.77	0.528212745
12.775	0.529551143
12.78	0.530673698
12.785	0.531356009
12.79	0.531495115
12.795	0.531130765
12.8	0.530446377
12.805	0.529720749
12.81	0.529254103
12.815	0.529297621
12.82	0.530002048
12.825	0.531401157
12.83	0.533416487
12.835	0.535904957
12.84	0.538690485
12.845	0.541601494
12.85	0.544486084
12.855	0.547215955
12.86	0.549677033
12.865	0.551772504
12.87	0.553427396
12.875	0.554602115
12.88	0.555313212
12.885	0.555640355
12.89	0.555713453
12.895	0.555689739
12.9	0.555722941
12.905	0.555924857
12.91	0.556340713
12.915	0.556936786
12.92	0.557611331
12.925	0.558220853
12.93	0.558612594
12.935	0.558662634
12.94	0.558303268
12.945	0.557536981
12.95	0.556432574
12.955	0.555106584
12.96	0.553692202
12.965	0.552305217
12.97	0.551022608
12.975	0.549869788
12.98	0.548823885
12.985	0.54783299
12.99	0.546841061
12.995	0.545809564
13.0	0.54473767
13.005	0.543647599
13.01	0.542568864
13.015	0.541535235
13.02	0.540537551
13.025	0.539521746
13.03	0.538406363
13.035	0.537086219
13.04	0.535456629
13.045	0.533466186
13.05	0.531130805
13.055	0.528539138
13.06	0.525838773
13.065	0.52320804
13.07	0.520821464
13.075	0.518801335
13.08	0.517204292
13.085	0.516018888
13.09	0.515184277
13.095	0.514611401
13.1	0.514237891
13.105	0.51400932
13.11	0.513915937
13.115	0.513972125
13.12	0.514194394
13.125	0.514585209
13.13	0.515119596
13.135	0.515749821
13.14	0.516410691
13.145	0.517043264
13.15	0.517615267
13.155	0.518123304
13.16	0.518591361
13.165	0.519039783
13.17	0.519468011
13.175	0.519825876
13.18	0.520025414
13.185	0.519968253
13.19	0.51957462
13.195	0.518834411
13.2	0.51781097
13.205	0.516649045
13.21	0.515542041
13.215	0.514695557
13.22	0.51429175
13.225	0.514448162
13.23	0.515197938
13.235	0.516485629
13.24	0.518175645
13.245	0.520074589
13.25	0.521967951
13.255	0.523655727
13.26	0.524964693
13.265	0.525783913
13.27	0.526068683
13.275	0.525838165
13.28	0.525165186
13.285	0.524178809
13.29	0.523049606
13.295	0.52195791
13.3	0.521070492
13.305	0.520493709
13.31	0.520241538
13.315	0.520225383
13.32	0.520257543
13.325	0.520099298
13.33	0.519527112
13.335	0.518391833
13.34	0.51667754
13.345	0.514496445
13.35	0.512057188
13.355	0.509606805
13.36	0.507352206
13.365	0.505444459
13.37	0.503931922
13.375	0.502792899
13.38	0.501970003
13.385	0.501403934
13.39	0.501051934
13.395	0.500902344
13.4	0.500973148
13.405	0.501297599
13.41	0.501908649
13.415	0.502814077
13.42	0.503985204
13.425	0.505346242
13.43	0.506794476
13.435	0.508223018
13.44	0.509560923
13.445	0.510778931
13.45	0.511924704
13.455	0.513095582
13.46	0.514406228
13.465	0.515953077
13.47	0.517778348
13.475	0.519847579
13.48	0.522052873
13.485	0.524229145
13.49	0.526189296
13.495	0.527764106
13.5	0.528841238
13.505	0.529399331
13.51	0.529514681
13.515	0.529344953
13.52	0.529097734
13.525	0.528985263
13.53	0.529177525
13.535	0.529769334
13.54	0.530767971
13.545	0.53210847
13.55	0.533676895
13.555	0.535341374
13.56	0.536981017
13.565	0.538500044
13.57	0.539831681
13.575	0.540933717
13.58	0.541776899
13.585	0.542340562
13.59	0.542602544
13.595	0.542562276
13.6	0.542224285
13.605	0.541627185
13.61	0.540840908
13.615	0.539974693
13.62	0.539157713
13.625	0.538536306
13.63	0.538241396
13.635	0.538364342
13.64	0.538939201
13.645	0.539932286
13.65	0.541230951
13.655	0.542673726
13.66	0.544068386
13.665	0.545235432
13.67	0.546055595
13.675	0.546472856
13.68	0.546514462
13.685	0.546268426
13.69	0.545842778
13.695	0.545325097
13.7	0.54475302
13.705	0.544103274
13.71	0.543335221
13.715	0.542424739
13.72	0.541403122
13.725	0.54037239
13.73	0.539506933
13.735	0.53899193
13.74	0.538962116
13.745	0.539461123
13.75	0.540411895
13.755	0.541636132
13.76	0.542892032
13.765	0.543932875
13.77	0.544565426
13.775	0.544666346
13.78	0.544217078
13.785	0.543293728
13.79	0.5420433
13.795	0.540639024
13.8	0.539229702
13.805	0.537904351
13.81	0.536682187
13.815	0.535517973
13.82	0.534357013
13.825	0.533176454
13.83	0.532021354
13.835	0.531007212
13.84	0.530294922
13.845	0.530043651
13.85	0.530369944
13.855	0.531313567
13.86	0.532826323
13.865	0.534779603
13.87	0.536977215
13.875	0.53919277
13.88	0.541202641
13.885	0.542812829
13.89	0.543876418
13.895	0.544304941
13.9	0.544075451
13.905	0.543230987
13.91	0.54187463
13.915	0.540168757
13.92	0.538311282
13.925	0.536514292
13.93	0.534977322
13.935	0.533864624
13.94	0.533289656
13.945	0.533308379
13.95	0.533918441
13.955	0.535061006
13.96	0.53662408
13.965	0.538450381
13.97	0.540344918
13.975	0.54209644
13.98	0.543503817
13.985	0.544397392
13.99	0.544659744
13.995	0.544238513
14.0	0.543142461
14.005	0.541434284
14.01	0.539218048
14.015	0.53662212
14.02	0.533789368
14.025	0.530872996
14.03	0.52803215
14.035	0.525423681
14.04	0.523191139
14.045	0.521448759
14.05	0.520271679
14.055	0.519660475
14.06	0.51954989
14.065	0.519808924
14.07	0.520259619
14.075	0.520701847
14.08	0.520952937
14.085	0.520879655
14.09	0.520424871
14.095	0.519616664
14.1	0.518563456
14.105	0.517429847
14.11	0.516396949
14.115	0.515619495
14.12	0.51518647
14.125	0.515104483
14.13	0.515288352
14.135	0.515593105
14.14	0.515860472
14.145	0.515950966
14.15	0.515786016
14.155	0.515367997
14.16	0.514774935
14.165	0.514130221
14.17	0.513564576
14.175	0.513171655
14.18	0.512974599
14.185	0.512921415
14.19	0.512907287
14.195	0.512818445
14.2	0.512584614
14.205	0.512213119
14.21	0.511800429
14.215	0.511485226
14.22	0.511422374
14.225	0.511727183
14.23	0.512447512
14.235	0.513540705
14.24	0.514899517
14.245	0.516373801
14.25	0.517799035
14.255	0.519012298
14.26	0.519879105
14.265	0.520303147
14.27	0.520243007
14.275	0.519726644
14.28	0.518858065
14.285	0.517813298
14.29	0.516815345
14.295	0.516096586
14.3	0.515844541
14.305	0.516170596
14.31	0.517076876
14.315	0.51846375
14.32	0.520154165
14.325	0.521924027
14.33	0.52355793
14.335	0.524870551
14.34	0.525736083
14.345	0.526081011
14.35	0.525909479
14.355	0.525279805
14.36	0.524290073
14.365	0.52306168
14.37	0.521720257
14.375	0.520357677
14.38	0.519055128
14.385	0.517852462
14.39	0.516758703
14.395	0.515778014
14.4	0.514902559
14.405	0.514145615
14.41	0.513531621
14.415	0.513100457
14.42	0.512883175
14.425	0.512901307
14.43	0.51316683
14.435	0.513688324
14.44	0.514472559
14.445	0.515521523
14.45	0.516827443
14.455	0.518350314
14.46	0.520017394
14.465	0.521739578
14.47	0.523403575
14.475	0.524909333
14.48	0.526190417
14.485	0.527226406
14.49	0.528046843
14.495	0.528725813
14.5	0.529367704
14.505	0.530080247
14.51	0.530934724
14.515	0.531940747
14.52	0.533030285
14.525	0.534055373
14.53	0.534812409
14.535	0.535082176
14.54	0.534676469
14.545	0.53347894
14.55	0.531471516
14.555	0.528735109
14.56	0.525428094
14.565	0.521769766
14.57	0.517994666
14.575	0.514328159
14.58	0.510969095
14.585	0.508079681
14.59	0.50577936
14.595	0.504148925
14.6	0.503236862
14.605	0.50305698
14.61	0.503585991
14.615	0.50477269
14.62	0.506543002
14.625	0.508811972
14.63	0.51148033
14.635	0.514459107
14.64	0.517675701
14.645	0.521081717
14.65	0.524653009
14.655	0.528382282
14.66	0.532273116
14.665	0.536323179
14.67	0.540504172
14.675	0.544746911
14.68	0.548936137
14.685	0.552910988
14.69	0.556472412
14.695	0.55942042
14.7	0.561582852
14.705	0.562829599
14.71	0.563113041
14.715	0.56246553
14.72	0.560992778
14.725	0.558839341
14.73	0.556169117
14.735	0.553130297
14.74	0.549846161
14.745	0.546414699
14.75	0.542909568
14.755	0.539410989
14.76	0.536003726
14.765	0.532794468
14.77	0.529889827
14.775	0.527405627
14.78	0.525432825
14.785	0.524035038
14.79	0.523229826
14.795	0.522994504
14.8	0.523278876
14.805	0.524025362
14.81	0.525191968
14.815	0.526761295
14.82	0.528735654
14.825	0.531115356
14.83	0.53387402
14.835	0.536940762
14.84	0.540197595
14.845	0.543492497
14.85	0.546662101
14.855	0.54955846
14.86	0.552084537
14.865	0.554194677
14.87	0.555893206
14.875	0.557216953
14.88	0.558214203
14.885	0.558926801
14.89	0.559363775
14.895	0.559509537
14.9	0.559335979
14.905	0.558824578
14.91	0.557987888
14.915	0.556879575
14.92	0.555579212
14.925	0.554187791
14.93	0.552803647
14.935	0.551509509
14.94	0.550363535
14.945	0.54940364
14.95	0.548656141
14.955	0.548130401
14.96	0.547817948
14.965	0.547677776
14.97	0.547627602
14.975	0.547550861
14.98	0.547297879
14.985	0.546716254
14.99	0.545677561
14.995	0.544108671
15.0	0.542020809
15.005	0.539512033
15.01	0.536757057
15.015	0.53398933
15.02	0.531475098
15.025	0.529476272
15.03	0.528241441
15.035	0.527957692
15.04	0.528696848
15.045	0.530416737
15.05	0.532928361
15.055	0.535925598
15.06	0.539014976
15.065	0.541799299
15.07	0.543931159
15.075	0.54519537
15.08	0.545522229
15.085	0.544996212
15.09	0.543818058
15.095	0.542255418
15.1	0.540587556
15.105	0.539061477
15.11	0.537862768
15.115	0.537094998
15.12	0.536794284
15.125	0.536929343
15.13	0.537426723
15.135	0.538192223
15.14	0.539116461
15.145	0.540085752
15.15	0.540997641
15.155	0.541757725
15.16	0.542285968
15.165	0.542526977
15.17	0.542455909
15.175	0.542086065
15.18	0.541470763
15.185	0.540697449
15.19	0.539872998
15.195	0.539107304
15.2	0.538495314
15.205	0.53809612
15.21	0.537930486
15.215	0.537977006
15.22	0.538178448
15.225	0.538462156
15.23	0.538757321
15.235	0.539014306
15.24	0.539226188
15.245	0.539421652
15.25	0.539658152
15.255	0.539996147
15.26	0.540474399
15.265	0.541090056
15.27	0.541793501
15.275	0.542496659
15.28	0.543080727
15.285	0.54343464
15.29	0.543470778
15.295	0.543148166
15.3	0.542455222
15.305	0.541434698
15.31	0.54015621
15.315	0.538708984
15.32	0.537171915
15.325	0.535609772
15.33	0.534096434
15.335	0.532704868
15.34	0.531508407
15.345	0.530579918
15.35	0.529969119
15.355	0.529680863
15.36	0.529678035
15.365	0.529885808
15.37	0.530208956
15.375	0.5305668
15.38	0.530922668
15.385	0.531309001
15.39	0.531825157
15.395	0.532607435
15.4	0.533788384
15.405	0.535441498
15.41	0.537545564
15.415	0.53997257
15.42	0.542515731
15.425	0.54493484
15.43	0.547020759
15.435	0.548635746
15.44	0.549735601
15.445	0.550363495
15.45	0.550625845
15.455	0.550656428
15.46	0.550576566
15.465	0.550464964
15.47	0.550342004
15.475	0.550175113
15.48	0.549897157
15.485	0.549442019
15.49	0.548769602
15.495	0.547886537
15.5	0.546849985
15.505	0.545751026
15.51	0.544689097
15.515	0.543753971
15.52	0.542999516
15.525	0.542449273
15.53	0.542089057
15.535	0.54187601
15.54	0.541749761
15.545	0.541646357
15.55	0.541501602
15.555	0.541265793
15.56	0.540900742
15.565	0.540393961
15.57	0.539768882
15.575	0.539088366
15.58	0.538457393
15.585	0.538012499
15.59	0.537907985
15.595	0.538278593
15.6	0.539195483
15.605	0.540639663
15.61	0.542485153
15.615	0.544504113
15.62	0.546411958
15.625	0.547914305
15.63	0.548777222
15.635	0.548876874
15.64	0.548235525
15.645	0.547014368
15.65	0.545475373
15.655	0.543925154
15.66	0.542646998
15.665	0.541842077
15.67	0.541603038
15.675	0.541896893
15.68	0.542596085
15.685	0.543513972
15.69	0.544463419
15.695	0.545304681
15.7	0.545969832
15.705	0.546464739
15.71	0.546845936
15.715	0.547182776
15.72	0.547518539
15.725	0.547846261
15.73	0.548106379
15.735	0.548213586
15.74	0.548092264
15.745	0.547713847
15.75	0.547128842
15.755	0.546452187
15.76	0.545846112
15.765	0.545474931
15.77	0.545469996
15.775	0.54589691
15.78	0.546743635
15.785	0.547933099
15.79	0.549340572
15.795	0.550815654
15.8	0.552209808
15.805	0.55339293
15.81	0.554273495
15.815	0.554805801
15.82	0.554993869
15.825	0.554887177
15.83	0.554571584
15.835	0.554149858
15.84	0.553722323
15.845	0.553377906
15.85	0.553186632
15.855	0.553203384
15.86	0.553471548
15.865	0.554032636
15.87	0.554929885
15.875	0.556194763
15.88	0.557822368
15.885	0.559752377
15.89	0.561843948
15.895	0.563881636
15.9	0.565590646
15.905	0.566690061
15.91	0.566946696
15.915	0.566227531
15.92	0.564546513
15.925	0.562065391
15.93	0.559069659
15.935	0.555913666
15.94	0.552955544
15.945	0.550495721
15.95	0.548734034
15.955	0.547752789
15.96	0.547524568
15.965	0.547946164
15.97	0.548873854
15.975	0.550160231
15.98	0.55168706
15.985	0.553366006
15.99	0.555126346
15.995	0.556902589
16.0	0.558607919
16.004999	0.560132416
16.01	0.561343471
16.014999	0.562110987
16.02	0.56233871
16.025	0.561998263
16.030001	0.5611485
16.035	0.559927793
16.040001	0.558534452
16.045	0.557199382
16.049999	0.556145204
16.055	0.55554851
16.059999	0.555517226
16.065001	0.556077731
16.07	0.557175631
16.075001	0.558683465
16.08	0.560417719
16.084999	0.56215607
16.09	0.563666483
16.094999	0.564747118
16.1	0.565245428
16.105	0.565082101
16.110001	0.564252145
16.115	0.562832265
16.120001	0.560950136
16.125	0.558759589
16.129999	0.556425152
16.135	0.554106308
16.139999	0.551942815
16.145	0.55005154
16.15	0.548523743
16.155001	0.547415132
16.16	0.546743911
16.165001	0.546490533
16.17	0.546603397
16.174999	0.547002986
16.18	0.547587296
16.184999	0.548244801
16.190001	0.54887376
16.195	0.549392364
16.200001	0.549744288
16.205	0.549902735
16.209999	0.549862749
16.215	0.549634463
16.219999	0.549238707
16.225	0.548699315
16.23	0.548057256
16.235001	0.547356126
16.24	0.546646894
16.245001	0.545984555
16.25	0.545417575
16.254999	0.54499413
16.26	0.544736377
16.264999	0.544647993
16.27	0.544717845
16.275	0.544915069
16.280001	0.545201269
16.285	0.545522423
16.290001	0.545809402
16.295	0.545989576
16.299999	0.546009734
16.305	0.545835722
16.309999	0.545465324
16.315001	0.544919972
16.32	0.544238215
16.325001	0.543449185
16.33	0.542568285
16.334999	0.541594223
16.34	0.540511521
16.344999	0.539300607
16.35	0.537964033
16.355	0.536521481
16.360001	0.535034746
16.365	0.53358417
16.370001	0.532256867
16.375	0.531121614
16.379999	0.530216178
16.385	0.529535337
16.389999	0.529046479
16.395	0.528700095
16.4	0.528450309
16.405001	0.528269368
16.41	0.528150728
16.415001	0.528129823
16.42	0.528266436
16.424999	0.528628943
16.43	0.52928184
16.434999	0.530250166
16.440001	0.531499861
16.445	0.532939025
16.450001	0.534426193
16.455	0.535804164
16.459999	0.53693713
16.465	0.537736687
16.469999	0.538186143
16.475	0.538330954
16.48	0.538263084
16.485001	0.53810354
16.49	0.53796878
16.495001	0.53794447
16.5	0.53808349
16.504999	0.538393004
16.51	0.538836985
16.514999	0.539354262
16.52	0.539864456
16.525	0.540292428
16.530001	0.540585743
16.535	0.540736326
16.540001	0.540784823
16.545	0.540818657
16.549999	0.540956732
16.555	0.541318772
16.559999	0.541991281
16.565001	0.543001554
16.57	0.544279264
16.575001	0.545681578
16.58	0.54700706
16.584999	0.548030672
16.59	0.548568279
16.594999	0.548508517
16.6	0.547853474
16.605	0.546713642
16.610001	0.545290433
16.615	0.543824223
16.620001	0.542547617
16.625	0.541635427
16.629999	0.541172407
16.635	0.541151404
16.639999	0.541492956
16.645	0.54209244
16.65	0.542848454
16.655001	0.543694815
16.66	0.544603737
16.665001	0.545571118
16.67	0.546588967
16.674999	0.547631972
16.68	0.548651083
16.684999	0.549584895
16.690001	0.550386306
16.695	0.551035122
16.700001	0.551538434
16.705	0.551928366
16.709999	0.552250565
16.715	0.552551882
16.719999	0.552870556
16.725	0.553229969
16.73	0.55363512
16.735001	0.554074027
16.74	0.554520871
16.745001	0.554944022
16.75	0.555312742
16.754999	0.555607027
16.76	0.555814014
16.764999	0.555916555
16.77	0.555892051
16.775	0.555703271
16.780001	0.555304554
16.785	0.554649862
16.790001	0.553715708
16.795	0.552522733
16.799999	0.551148034
16.805	0.549732175
16.809999	0.548463129
16.815001	0.547548516
16.82	0.547174353
16.825001	0.547469413
16.83	0.548478497
16.834999	0.550157583
16.84	0.552370914
16.844999	0.554912958
16.85	0.55754182
16.855	0.560010596
16.860001	0.562089812
16.865	0.563606505
16.870001	0.564456131
16.875	0.564626687
16.879999	0.564196848
16.885	0.563333195
16.889999	0.562267413
16.895	0.561265224
16.9	0.56059185
16.905001	0.560466771
16.91	0.561021985
16.915001	0.562278544
16.92	0.564140253
16.924999	0.566389637
16.93	0.568739257
16.934999	0.570701507
16.940001	0.571957619
16.945	0.572086038
16.950001	0.570599508
16.955	0.566869516
