depth	deporate
8	0.1797
9	0.171
10	0.1796
11	0.2011
12	0.1733
13	0.1586
14	0.2072
15	0.1867
16	0.1876
17	0.1831
18	0.1991
19	0.1722
20	0.1805
21	0.1815
22	0.2158
23	0.1979
24	0.1746
25	0.169
26	0.1755
27	0.2011
28	0.1767
29	0.1832
30	0.1846
31	0.2055
32	0.2008
33	0.2014
34	0.175
35	0.1927
36	0.1973
37	0.2457
38	0.2048
39	0.1885
40	0.1842
41	0.1945
42	0.1946
43	0.2144
44	0.2013
45	0.1868
46	0.1818
47	0.1973
48	0.1972
49	0.2067
50	0.1942
51	0.1872
52	0.1862
53	0.1859
54	0.1964
55	0.22
56	0.1933
57	0.2035
58	0.184
59	0.2125
60	0.1845
61	0.1856
62	0.2028
63	0.196
64	0.1836
65	0.1845
66	0.2271
67	0.1788
68	0.1896
69	0.2099
70	0.1842
71	0.2033
72	0.1899
73	0.1919
74	0.1923
75	0.1902
76	0.1805
77	0.1898
78	0.1888
79	0.21
80	0.1959
81	0.2176
82	0.1928
83	0.1942
84	0.1823
85	0.1821
86	0.1869
87	0.2071
88	0.1926
89	0.1918
90	0.1835
91	0.2021
92	0.1941
93	0.1946
94	0.2134
95	0.1796
96	0.193
97	0.2039
98	0.2133
99	0.2112
100	0.1954
101	0.2023
102	0.1879
103	0.1799
104	0.1989
105	0.1914
106	0.1902
107	0.1903
108	0.201
109	0.1899
110	0.1926
111	0.2047
112	0.1859
113	0.1907
114	0.1999
115	0.1935
116	0.2029
117	0.1829
118	0.2113
119	0.1851
120	0.192
121	0.1855
122	0.1905
123	0.1827
124	0.2249
125	0.2139
126	0.189
127	0.2276
128	0.188
129	0.1829
130	0.206
131	0.1981
132	0.224
133	0.1853
134	0.1907
135	0.1972
136	0.2122
137	0.1949
138	0.1834
139	0.1826
140	0.2051
141	0.2099
142	0.1867
143	0.1981
144	0.1976
145	0.2004
146	0.1939
147	0.2077
148	0.2056
149	0.2014
150	0.18
151	0.1949
152	0.1936
153	0.1858
154	0.1835
155	0.1835
156	0.1835
157	0.1738
158	0.1991
159	0.1809
160	0.1999
161	0.2014
162	0.2015
163	0.1882
164	0.2018
165	0.1934
166	0.1768
167	0.1697
168	0.2172
169	0.1976
170	0.1688
171	0.1677
172	0.1813
173	0.198
174	0.1985
175	0.179
176	0.2054
177	0.1819
178	0.2034
179	0.1954
180	0.1714
181	0.2002
182	0.1981
183	0.2006
184	0.2019
185	0.2161
186	0.1799
187	0.1869
188	0.1907
189	0.1991
190	0.2135
191	0.1912
192	0.2168
193	0.1965
194	0.1743
195	0.1898
196	0.1884
197	0.1795
198	0.184
199	0.1986
200	0.1716
201	0.2042
202	0.1843
203	0.1829
204	0.1907
205	0.1846
206	0.2104
207	0.1848
208	0.2049
209	0.1806
210	0.2158
211	0.1772
212	0.1851
213	0.1998
214	0.2146
215	0.1823
216	0.205
217	0.1996
218	0.1895
219	0.1968
220	0.1967
221	0.1847
222	0.1942
223	0.2056
224	0.192
225	0.195
226	0.1909
227	0.2054
228	0.1856
229	0.1923
230	0.1989
231	0.2011
232	0.1865
233	0.1962
234	0.174
235	0.1824
236	0.2016
237	0.1929
238	0.2053
239	0.1905
240	0.2134
241	0.1757
242	0.1789
243	0.1882
244	0.1901
245	0.1911
246	0.2125
247	0.2016
248	0.2215
249	0.2002
250	0.171
251	0.2073
252	0.2043
253	0.1886
254	0.176
255	0.202
256	0.2177
257	0.1812
258	0.1957
259	0.1887
260	0.1895
261	0.1917
262	0.166
263	0.1953
264	0.1996
265	0.2159
266	0.1816
267	0.2073
268	0.1823
269	0.2076
270	0.1839
271	0.1908
272	0.2025
273	0.1936
274	0.1777
275	0.202
276	0.1976
277	0.2118
278	0.2134
279	0.2051
280	0.1813
281	0.2053
282	0.1774
283	0.1894
284	0.1878
285	0.1996
286	0.2172
287	0.2059
288	0.2007
289	0.1821
290	0.1865
291	0.188
292	0.2166
293	0.1774
294	0.209
295	0.2036
296	0.2085
297	0.1993
298	0.1784
299	0.1964
300	0.1917
301	0.1991
302	0.2217
303	0.2011
304	0.1931
305	0.1989
306	0.1829
307	0.1794
308	0.2129
309	0.1929
310	0.1922
311	0.1892
312	0.1867
313	0.2069
314	0.187
315	0.1886
316	0.2075
317	0.1741
318	0.1836
319	0.2303
320	0.1946
321	0.1888
322	0.1845
323	0.2018
324	0.2002
325	0.1937
326	0.1938
327	0.1987
328	0.2039
329	0.1856
330	0.2204
331	0.1935
332	0.1752
333	0.1899
334	0.2012
335	0.1969
336	0.1896
337	0.1776
338	0.2042
339	0.1805
340	0.1806
341	0.1946
342	0.2056
343	0.1949
344	0.2023
345	0.1951
346	0.2115
347	0.1961
348	0.1788
349	0.2064
350	0.1918
351	0.1754
352	0.1592
353	0.1937
354	0.2037
355	0.199
356	0.1917
357	0.2046
358	0.2095
359	0.1817
360	0.1989
361	0.1884
362	0.2053
363	0.2069
364	0.181
365	0.2103
366	0.1965
367	0.1974
368	0.1609
369	0.1663
370	0.1647
371	0.2212
372	0.189
373	0.1919
374	0.243
375	0.2184
376	0.2217
377	0.1985
378	0.2044
379	0.2606
380	0.2337
381	0.1688
382	0.1792
383	0.1704
384	0.2206
385	0.2248
386	0.2343
387	0.2491
388	0.1841
389	0.1869
390	0.1511
391	0.2038
392	0.2238
393	0.2195
394	0.1924
395	0.2251
396	0.1756
397	0.1766
398	0.2243
399	0.1694
400	0.1791
401	0.2114
402	0.2073
403	0.2079
404	0.2343
405	0.2132
406	0.1937
407	0.2019
408	0.1599
409	0.1992
410	0.1847
411	0.2056
412	0.197
413	0.1828
414	0.1728
415	0.1808
416	0.2075
417	0.1839
418	0.2057
419	0.2117
420	0.1914
421	0.1871
422	0.1735
423	0.1846
424	0.201
425	0.1936
426	0.2069
427	0.1713
428	0.212
429	0.1764
430	0.207
431	0.1865
432	0.2097
433	0.1981
434	0.1982
435	0.2033
436	0.2211
437	0.2094
438	0.1765
439	0.2113
440	0.1704
441	0.2342
442	0.1851
443	0.1824
444	0.2316
445	0.1781
446	0.2116
447	0.1967
448	0.194
449	0.1933
450	0.2313
451	0.1716
452	0.2001
453	0.1819
454	0.2136
455	0.1833
456	0.1917
457	0.1883
458	0.1973
459	0.183
460	0.2097
461	0.1815
462	0.1738
463	0.2078
464	0.1778
465	0.1847
466	0.2022
467	0.1805
468	0.2138
469	0.186
470	0.2287
471	0.1639
472	0.18
473	0.1809
474	0.194
475	0.2136
476	0.2286
477	0.1962
478	0.1817
479	0.1867
480	0.2188
481	0.1959
482	0.1918
483	0.1885
484	0.1797
485	0.236
486	0.1983
487	0.1953
488	0.2258
489	0.1721
490	0.1936
491	0.1808
492	0.2117
493	0.1876
494	0.2077
495	0.1964
496	0.2038
497	0.2161
498	0.1889
499	0.1763
500	0.1982
501	0.2038
502	0.2188
503	0.1999
504	0.235
505	0.2212
506	0.2187
507	0.1758
508	0.1942
509	0.2002
510	0.2203
511	0.2265
512	0.2062
513	0.1635
514	0.1935
515	0.175
516	0.1806
517	0.1885
518	0.1883
519	0.1742
520	0.1792
521	0.2033
522	0.2196
523	0.2176
524	0.2156
525	0.1997
526	0.2029
527	0.1958
528	0.2032
529	0.2066
530	0.2057
531	0.1886
532	0.2181
533	0.1966
534	0.2093
535	0.203
536	0.2169
537	0.2005
538	0.2138
539	0.2112
540	0.191
541	0.181
542	0.2063
543	0.2139
544	0.182
545	0.2119
546	0.1978
547	0.2182
548	0.1913
549	0.1961
550	0.2006
551	0.1768
552	0.1763
553	0.2146
554	0.1918
555	0.1832
556	0.1697
557	0.1987
558	0.2053
559	0.2024
560	0.2016
561	0.2107
562	0.1694
563	0.1979
564	0.1749
565	0.1798
566	0.1778
567	0.1808
568	0.1765
569	0.2008
570	0.1944
571	0.194
572	0.187
573	0.2006
574	0.1986
575	0.2153
576	0.2188
577	0.2196
578	0.1869
579	0.1794
580	0.1999
581	0.2028
582	0.2228
583	0.2009
584	0.1876
585	0.2125
586	0.2275
587	0.1997
588	0.195
589	0.1801
590	0.1725
591	0.2055
592	0.1721
593	0.2289
594	0.2146
595	0.206
596	0.1932
597	0.1972
598	0.1718
599	0.1789
600	0.2135
601	0.207
602	0.2036
603	0.2197
604	0.2178
605	0.2216
606	0.1905
607	0.2247
608	0.2061
609	0.1855
610	0.1984
611	0.1944
612	0.1901
613	0.2034
614	0.2137
615	0.1904
616	0.1839
617	0.1957
618	0.2009
619	0.2044
620	0.2113
621	0.1866
622	0.1717
623	0.2046
624	0.208
625	0.1882
626	0.1795
627	0.2544
628	0.1928
629	0.1834
630	0.2125
631	0.2053
632	0.1993
633	0.1753
634	0.2031
635	0.1807
636	0.2065
637	0.2098
638	0.1995
639	0.2132
640	0.2038
641	0.2178
642	0.2125
643	0.1836
644	0.1945
645	0.2078
646	0.191
647	0.1835
648	0.193
649	0.2224
650	0.2032
651	0.21
652	0.1992
653	0.2175
654	0.1911
655	0.2068
656	0.2027
657	0.1939
658	0.1984
659	0.2068
660	0.183
661	0.2143
662	0.1974
663	0.1756
664	0.2068
665	0.1906
666	0.2012
667	0.2132
668	0.2101
669	0.2101
670	0.1926
671	0.2124
672	0.2478
673	0.205
674	0.1881
675	0.1964
676	0.2097
677	0.1899
678	0.2109
679	0.1947
680	0.2145
681	0.1655
682	0.197
683	0.1635
684	0.2032
685	0.1982
686	0.1815
687	0.2189
688	0.1998
689	0.2318
690	0.2241
691	0.2273
692	0.2042
693	0.1717
694	0.1594
695	0.1826
696	0.2543
697	0.241
698	0.2171
699	0.1923
700	0.247
701	0.2529
702	0.2198
703	0.2381
704	0.2158
705	0.1731
706	0.2051
707	0.207
708	0.2292
709	0.218
710	0.2182
711	0.2153
712	0.1968
713	0.1643
714	0.2015
715	0.2114
716	0.1788
717	0.1948
718	0.2167
719	0.1826
720	0.173
721	0.2414
722	0.1954
723	0.1612
724	0.1866
725	0.1753
726	0.205
727	0.2114
728	0.1852
729	0.2026
730	0.2146
731	0.1929
732	0.1966
733	0.1541
734	0.1945
735	0.2321
736	0.2062
737	0.2095
738	0.2295
739	0.1944
740	0.1728
741	0.21
742	0.2205
743	0.2055
744	0.1743
745	0.1962
746	0.1859
747	0.233
748	0.1834
749	0.178
750	0.1997
751	0.2488
752	0.1965
753	0.2028
754	0.2204
755	0.2032
756	0.1971
757	0.1745
758	0.1714
759	0.1946
760	0.2395
761	0.1907
762	0.176
763	0.1596
764	0.183
765	0.1999
766	0.187
767	0.1644
768	0.1694
769	0.1868
770	0.189
771	0.1936
772	0.1917
773	0.1948
774	0.2252
775	0.2069
776	0.2113
777	0.1861
778	0.2161
779	0.2061
780	0.1828
781	0.223
782	0.2207
783	0.1999
784	0.1657
785	0.2045
786	0.228
787	0.2051
788	0.19
789	0.2138
790	0.1814
791	0.1558
792	0.193
793	0.1846
794	0.2192
795	0.1761
796	0.1843
797	0.2323
798	0.251
799	0.1636
800	0.1575
801	0.2714
802	0.2092
803	0.2362
804	0.2129
805	0.229
806	0.191
807	0.2013
808	0.1908
809	0.204
810	0.1663
811	0.2066
812	0.1816
813	0.189
814	0.1843
815	0.2326
816	0.2122
817	0.1892
818	0.1881
819	0.184
820	0.1807
821	0.1841
822	0.1789
823	0.1782
824	0.2073
825	0.1903
826	0.1733
827	0.2061
828	0.2031
829	0.1827
830	0.1879
831	0.2323
832	0.2319
833	0.1822
834	0.1764
835	0.2021
836	0.27
837	0.1966
838	0.1888
839	0.2049
840	0.2202
841	0.1925
842	0.1782
843	0.2092
844	0.183
845	0.215
846	0.2045
847	0.2603
848	0.2357
849	0.2266
850	0.2155
851	0.1959
852	0.1995
853	0.1816
854	0.2556
855	0.2536
856	0.1824
857	0.2296
858	0.2002
859	0.2195
860	0.1896
861	0.1854
862	0.219
863	0.2067
864	0.2466
865	0.1867
866	0.2514
867	0.2085
868	0.1782
869	0.2049
870	0.2005
871	0.2129
872	0.179
873	0.1956
874	0.1832
875	0.1942
876	0.1955
877	0.2027
878	0.186
879	0.2067
880	0.1581
881	0.1935
882	0.2198
883	0.2874
884	0.1904
885	0.1729
886	0.2233
887	0.2193
888	0.2234
889	0.1925
890	0.2453
891	0.1687
892	0.1928
893	0.2041
894	0.2064
895	0.2384
896	0.2234
897	0.1881
898	0.1971
899	0.2063
900	0.2334
901	0.2064
902	0.1937
903	0.2007
904	0.2179
905	0.1988
906	0.1994
907	0.2145
908	0.2147
909	0.256
910	0.1783
911	0.1744
912	0.1937
913	0.2009
914	0.2472
915	0.2163
916	0.1801
917	0.1909
918	0.2306
919	0.1624
920	0.229
921	0.1948
922	0.2007
923	0.2133
924	0.1769
925	0.2145
926	0.1973
927	0.1562
928	0.203
929	0.1917
930	0.2146
931	0.1788
932	0.2023
933	0.2303
934	0.2017
935	0.2093
936	0.1926
937	0.194
938	0.2192
939	0.1793
940	0.182
941	0.2004
942	0.2171
943	0.2029
944	0.2282
945	0.2054
946	0.2219
947	0.1909
948	0.1991
949	0.2097
950	0.2047
951	0.2762
952	0.2294
953	0.1745
954	0.2378
955	0.2294
956	0.1664
957	0.2224
958	0.1839
959	0.1674
960	0.1781
961	0.2262
962	0.1793
963	0.1933
964	0.2081
965	0.2127
966	0.2089
967	0.2482
968	0.1876
969	0.1769
970	0.2033
971	0.1715
972	0.2523
973	0.222
974	0.1724
975	0.2451
976	0.2113
977	0.18
978	0.1832
979	0.1692
980	0.208
981	0.2156
982	0.1764
983	0.1996
984	0.2722
985	0.2581
986	0.2202
987	0.1601
988	0.1669
989	0.1876
990	0.226
991	0.1864
992	0.1833
993	0.231
994	0.2115
995	0.1941
996	0.2003
997	0.2212
998	0.2568
999	0.2609
1000	0.1785
1001	0.2057
1002	0.2254
1003	0.2077
1004	0.1974
1005	0.2076
1006	0.2034
1007	0.2078
1008	0.2255
1009	0.2447
1010	0.2765
1011	0.2217
1012	0.1983
1013	0.1687
1014	0.2205
1015	0.1973
1016	0.2078
1017	0.228
1018	0.2123
1019	0.1842
1020	0.2231
1021	0.2023
1022	0.1585
1023	0.232
1024	0.2182
1025	0.1837
1026	0.1876
1027	0.1716
1028	0.2127
1029	0.185
1030	0.2682
1031	0.1914
1032	0.1909
1033	0.202
1034	0.1881
1035	0.2048
1036	0.2236
1037	0.2409
1038	0.203
1039	0.1778
1040	0.2507
1041	0.1712
1042	0.2248
1043	0.2322
1044	0.2323
1045	0.2081
1046	0.1953
1047	0.2258
1048	0.1864
1049	0.1999
1050	0.2233
1051	0.2332
1052	0.2036
1053	0.2027
1054	0.2543
1055	0.2202
1056	0.2146
1057	0.2467
1058	0.2169
1059	0.1975
1060	0.2164
1061	0.1995
1062	0.2295
1063	0.2089
1064	0.1879
1065	0.1882
1066	0.1993
1067	0.2703
1068	0.1922
1069	0.1975
1070	0.214
1071	0.2022
1072	0.2074
1073	0.2
1074	0.2221
1075	0.2266
1076	0.2168
1077	0.1852
1078	0.2273
1079	0.2605
1080	0.2335
1081	0.245
1082	0.1999
1083	0.1794
1084	0.173
1085	0.1988
1086	0.1844
1087	0.1935
1088	0.1919
1089	0.2252
1090	0.2226
1091	0.2019
1092	0.2107
1093	0.2065
1094	0.1856
1095	0.1996
1096	0.1904
1097	0.2172
1098	0.2215
1099	0.2382
1100	0.2207
1101	0.2196
1102	0.2735
1103	0.241
1104	0.2201
1105	0.2025
1106	0.2128
1107	0.1768
1108	0.2378
1109	0.1747
1110	0.2056
1111	0.2092
1112	0.1991
1113	0.2352
1114	0.2018
1115	0.2033
1116	0.2224
1117	0.2118
1118	0.1967
1119	0.2105
1120	0.1766
1121	0.216
1122	0.1783
1123	0.2028
1124	0.1977
1125	0.2341
1126	0.208
1127	0.2582
1128	0.2043
1129	0.2071
1130	0.2282
1131	0.2103
1132	0.2508
1133	0.2409
1134	0.2003
1135	0.1835
1136	0.1811
1137	0.2294
1138	0.1937
1139	0.2485
1140	0.2187
1141	0.1618
1142	0.2175
1143	0.228
1144	0.1976
1145	0.2272
1146	0.1964
1147	0.2264
1148	0.2109
1149	0.2189
1150	0.1894
1151	0.2519
1152	0.2646
1153	0.2082
1154	0.2355
1155	0.1861
1156	0.2027
1157	0.2081
1158	0.2173
1159	0.2768
1160	0.2302
1161	0.2277
1162	0.1624
1163	0.1811
1164	0.176
1165	0.2506
1166	0.2099
1167	0.1683
1168	0.1883
1169	0.1788
1170	0.2912
1171	0.2465
1172	0.2243
1173	0.2154
1174	0.1879
1175	0.197
1176	0.1822
1177	0.1987
1178	0.1837
1179	0.2029
1180	0.3123
1181	0.2496
1182	0.2552
1183	0.2206
1184	0.2491
1185	0.2043
1186	0.2035
1187	0.2858
1188	0.203
1189	0.2127
1190	0.2135
1191	0.2106
1192	0.234
1193	0.2117
1194	0.2122
1195	0.1894
1196	0.1961
1197	0.1942
1198	0.2211
1199	0.1922
1200	0.1959
1201	0.2038
1202	0.1909
1203	0.2287
1204	0.2237
1205	0.2537
1206	0.1813
1207	0.2172
1208	0.2006
1209	0.2166
1210	0.1827
1211	0.2143
1212	0.2206
1213	0.168
1214	0.1787
1215	0.2452
1216	0.1881
1217	0.1927
1218	0.1743
1219	0.193
1220	0.2222
1221	0.1816
1222	0.1794
1223	0.183
1224	0.208
1225	0.1706
1226	0.1668
1227	0.17
1228	0.165
1229	0.1377
1230	0.201
1231	0.1838
1232	0.1837
1233	0.195
1234	0.2702
1235	0.2203
1236	0.2475
1237	0.2042
1238	0.1889
1239	0.1807
1240	0.1862
1241	0.2011
1242	0.1685
1243	0.175
1244	0.2007
1245	0.1916
1246	0.1819
1247	0.1691
1248	0.2307
1249	0.1959
1250	0.1852
1251	0.1834
1252	0.1763
1253	0.1811
1254	0.2005
1255	0.2216
1256	0.1848
1257	0.1788
1258	0.217
1259	0.1952
1260	0.1907
1261	0.1815
1262	0.218
1263	0.1653
1264	0.1927
1265	0.1806
1266	0.2122
1267	0.171
1268	0.1735
1269	0.1805
1270	0.2045
1271	0.2062
1272	0.1897
1273	0.2027
1274	0.1989
1275	0.1728
1276	0.1951
1277	0.1805
1278	0.1953
1279	0.1911
1280	0.1678
1281	0.2033
1282	0.183
1283	0.195
1284	0.2093
1285	0.177
1286	0.1765
1287	0.1862
1288	0.1888
1289	0.1877
1290	0.1817
1291	0.1687
1292	0.1987
1293	0.1732
1294	0.1737
1295	0.2013
1296	0.1668
1297	0.1761
1298	0.2742
1299	0.1843
1300	0.1905
1301	0.1844
1302	0.1999
1303	0.1733
1304	0.1813
1305	0.1741
1306	0.173
1307	0.1775
1308	0.185
1309	0.171
1310	0.1797
1311	0.2103
1312	0.1748
1313	0.1934
1314	0.1824
1315	0.1704
1316	0.2169
1317	0.195
1318	0.1626
1319	0.18
1320	0.1867
1321	0.1812
1322	0.2089
1323	0.1694
1324	0.1549
1325	0.1839
1326	0.1661
1327	0.1644
1328	0.1636
1329	0.1598
1330	0.178
1331	0.172
1332	0.1802
1333	0.1899
1334	0.1963
1335	0.1994
1336	0.1693
1337	0.1716
1338	0.1969
1339	0.168
1340	0.1797
1341	0.1866
1342	0.1737
1343	0.1829
1344	0.2041
1345	0.1683
1346	0.1654
1347	0.1585
1348	0.1883
1349	0.1746
1350	0.1686
1351	0.1425
1352	0.1788
1353	0.1906
1354	0.1791
1355	0.1699
1356	0.1739
1357	0.1791
1358	0.1607
1359	0.159
1360	0.1771
1361	0.1871
1362	0.1522
1363	0.1828
1364	0.1756
1365	0.1679
1366	0.1667
1367	0.1777
1368	0.1718
1369	0.1916
1370	0.1551
1371	0.1761
1372	0.164
1373	0.1819
1374	0.1885
1375	0.1578
1376	0.1808
1377	0.1713
1378	0.1618
1379	0.169
1380	0.1683
1381	0.1629
1382	0.1628
1383	0.167
1384	0.1666
1385	0.172
1386	0.1617
1387	0.1677
1388	0.1649
1389	0.1415
1390	0.1715
1391	0.1578
1392	0.1657
1393	0.1661
1394	0.1552
1395	0.1591
1396	0.1738
1397	0.1695
1398	0.1689
1399	0.1706
1400	0.1559
1401	0.1664
1402	0.1687
1403	0.1458
1404	0.1837
1405	0.1557
1406	0.1599
1407	0.1663
1408	0.1677
1409	0.1497
1410	0.1703
1411	0.1546
1412	0.1428
1413	0.1434
1414	0.1574
1415	0.1607
1416	0.1449
1417	0.1502
1418	0.1514
1419	0.154
1420	0.1474
1421	0.1541
1422	0.1495
1423	0.1588
1424	0.1515
1425	0.1548
1426	0.1517
1427	0.1472
1428	0.1488
1429	0.1487
1430	0.1453
1431	0.1695
1432	0.1458
1433	0.154
1434	0.1448
1435	0.1505
1436	0.1473
1437	0.1448
1438	0.1449
1439	0.1453
1440	0.1418
1441	0.147
1442	0.1501
1443	0.1601
1444	0.1476
1445	0.1411
1446	0.1374
1447	0.1376
1448	0.1377
1449	0.1438
1450	0.1284
1451	0.1481
1452	0.1436
1453	0.1499
1454	0.131
1455	0.1497
1456	0.1373
1457	0.1464
1458	0.1419
1459	0.1381
1460	0.1447
1461	0.1327
1462	0.1416
1463	0.1476
1464	0.1327
1465	0.1364
1466	0.1357
1467	0.1428
1468	0.1485
1469	0.1463
1470	0.1301
1471	0.1432
1472	0.1403
1473	0.1412
1474	0.1367
1475	0.1354
1476	0.1273
1477	0.1148
1478	0.1173
1479	0.1159
1480	0.1309
1481	0.1273
1482	0.1329
1483	0.146
1484	0.1323
1485	0.1363
1486	0.1453
1487	0.141
1488	0.1498
1489	0.1369
1490	0.128
1491	0.1213
1492	0.0775
1493	0.0809
1494	0.0731
1495	0.0736
1496	0.0757
1497	0.0674
1498	0.0698
1499	0.0723
1500	0.073
1501	0.0676
1502	0.0761
1503	0.0733
1504	0.066
1505	0.0664
1506	0.0671
1507	0.0651
1508	0.0693
1509	0.0717
1510	0.0649
1511	0.0635
1512	0.0689
1513	0.0802
1514	0.0677
1515	0.0679
1516	0.0632
1517	0.0659
1518	0.0607
1519	0.0726
1520	0.0735
1521	0.071
1522	0.0702
1523	0.0683
1524	0.0855
1525	0.0764
1526	0.0939
1527	0.0969
1528	0.0978
1529	0.0998
1530	0.119
1531	0.0957
1532	0.108
1533	0.0927
1534	0.0846
1535	0.0877
1536	0.0827
1537	0.0914
1538	0.09
1539	0.0851
1540	0.1059
1541	0.1006
1542	0.1122
1543	0.1108
1544	0.1054
1545	0.1142
1546	0.1114
1547	0.1178
1548	0.1097
1549	0.1203
1550	0.1102
1551	0.1183
1552	0.1275
1553	0.1042
1554	0.107
1555	0.0949
1556	0.1034
1557	0.1058
1558	0.1235
1559	0.1138
1560	0.1155
1561	0.1185
1562	0.1177
1563	0.1267
1564	0.1195
1565	0.1245
1566	0.1257
1567	0.121
1568	0.1202
1569	0.1255
1570	0.1028
1571	0.0962
1572	0.0973
1573	0.087
1574	0.0936
1575	0.1152
1576	0.1144
1577	0.1126
1578	0.1142
1579	0.1075
1580	0.1282
1581	0.1371
1582	0.1315
1583	0.1172
1584	0.1469
1585	0.1455
1586	0.1344
1587	0.1341
1588	0.1306
1589	0.12
1590	0.1314
1591	0.1273
1592	0.1403
1593	0.1442
1594	0.1161
1595	0.146
1596	0.1522
1597	0.1387
1598	0.1545
1599	0.149
1600	0.1281
1601	0.1357
1602	0.1195
1603	0.1192
1604	0.0954
1605	0.0731
1606	0.0763
1607	0.0817
1608	0.0728
1609	0.0731
1610	0.0674
1611	0.0635
1612	0.0683
1613	0.0605
1614	0.0639
1615	0.0598
1616	0.0589
1617	0.0605
1618	0.0645
1619	0.0678
1620	0.0617
1621	0.0627
1622	0.0617
1623	0.0667
1624	0.0631
1625	0.06
1626	0.0577
1627	0.0596
1628	0.0572
1629	0.0584
1630	0.0564
1631	0.0646
1632	0.0652
1633	0.0621
1634	0.0659
1635	0.066
1636	0.0645
1637	0.0612
1638	0.0604
1639	0.0636
1640	0.061
1641	0.0606
1642	0.061
1643	0.0702
1644	0.0618
1645	0.0671
1646	0.0633
1647	0.0636
1648	0.061
1649	0.0704
1650	0.0698
1651	0.0636
1652	0.0666
1653	0.0661
1654	0.0709
1655	0.0609
1656	0.0597
1657	0.0652
1658	0.0654
1659	0.0697
1660	0.0702
1661	0.0695
1662	0.0671
1663	0.067
1664	0.0602
1665	0.061
1666	0.0715
1667	0.0646
1668	0.0653
1669	0.06
1670	0.0616
1671	0.0654
1672	0.068
1673	0.0728
1674	0.0612
1675	0.0647
1676	0.0733
1677	0.0685
1678	0.0671
1679	0.0664
1680	0.065
1681	0.0626
1682	0.0611
1683	0.0723
1684	0.0724
1685	0.072
1686	0.0652
1687	0.0676
1688	0.0682
1689	0.0617
1690	0.062
1691	0.0641
1692	0.0683
1693	0.0638
1694	0.0683
1695	0.0687
1696	0.0669
1697	0.0702
1698	0.0653
1699	0.0738
1700	0.0699
1701	0.0661
1702	0.0645
1703	0.064
1704	0.065
1705	0.0652
1706	0.0683
1707	0.0695
1708	0.0625
1709	0.0659
1710	0.0662
1711	0.0643
1712	0.071
1713	0.0669
1714	0.0702
1715	0.0711
1716	0.0715
1717	0.0647
1718	0.0632
1719	0.0607
1720	0.0655
1721	0.069
1722	0.0707
1723	0.0679
1724	0.067
1725	0.0646
1726	0.0673
1727	0.0649
1728	0.0677
1729	0.07
1730	0.073
1731	0.0739
1732	0.0734
1733	0.0638
1734	0.0658
1735	0.0626
1736	0.0715
1737	0.0689
1738	0.0673
1739	0.0703
1740	0.0673
1741	0.064
1742	0.0688
1743	0.0644
1744	0.0628
1745	0.061
1746	0.0624
1747	0.0598
1748	0.0579
1749	0.058
1750	0.0625
1751	0.0618
1752	0.062
1753	0.0599
1754	0.0601
1755	0.0596
1756	0.0585
1757	0.0623
1758	0.0584
1759	0.0589
1760	0.0579
1761	0.0628
1762	0.0583
1763	0.0604
1764	0.0637
1765	0.0588
1766	0.0576
1767	0.0585
1768	0.0558
1769	0.0605
1770	0.0595
1771	0.0574
1772	0.0596
1773	0.0635
1774	0.0635
1775	0.0663
1776	0.0662
1777	0.0628
1778	0.0609
1779	0.061
1780	0.0692
1781	0.0668
1782	0.0585
1783	0.0643
1784	0.0762
1785	0.0717
1786	0.0648
1787	0.0706
1788	0.0689
1789	0.0593
1790	0.0684
1791	0.0785
1792	0.0834
1793	0.0772
1794	0.0647
1795	0.0611
1796	0.059
1797	0.0533
1798	0.0544
1799	0.0519
1800	0.0538
1801	0.0524
1802	0.0525
1803	0.0494
1804	0.049
1805	0.0513
1806	0.0514
1807	0.0524
1808	0.0545
1809	0.0554
1810	0.057
1811	0.0526
1812	0.0545
1813	0.0496
1814	0.0508
1815	0.0489
1816	0.0497
1817	0.0517
1818	0.0556
1819	0.0542
1820	0.0588
1821	0.0542
1822	0.0524
1823	0.049
1824	0.0492
1825	0.0536
1826	0.0509
1827	0.0492
1828	0.0493
1829	0.051
1830	0.0487
1831	0.0507
1832	0.0514
1833	0.0488
1834	0.0502
1835	0.0583
1836	0.0557
1837	0.0634
1838	0.065
1839	0.0682
1840	0.0612
1841	0.0613
1842	0.0572
1843	0.0657
1844	0.0546
1845	0.0556
1846	0.0562
1847	0.0574
1848	0.0595
1849	0.0581
1850	0.0599
1851	0.0624
1852	0.059
1853	0.0582
1854	0.0606
1855	0.0558
1856	0.0592
1857	0.0602
1858	0.056
1859	0.0603
1860	0.056
1861	0.0777
1862	0.0974
1863	0.1046
1864	0.114
1865	0.1026
1866	0.1082
1867	0.1224
1868	0.1265
1869	0.0704
1870	0.0569
1871	0.0554
1872	0.0609
1873	0.0552
1874	0.0532
1875	0.0541
1876	0.055
1877	0.0564
1878	0.0586
1879	0.0602
1880	0.0584
1881	0.0658
1882	0.0756
1883	0.0954
1884	0.1062
1885	0.1004
1886	0.1165
1887	0.1067
1888	0.124
1889	0.1203
1890	0.1149
1891	0.0789
1892	0.0598
1893	0.0585
1894	0.0516
1895	0.0514
1896	0.0499
1897	0.0514
1898	0.0537
1899	0.0488
1900	0.0467
1901	0.0528
1902	0.0494
1903	0.0505
1904	0.0524
1905	0.0535
1906	0.0541
1907	0.0545
1908	0.0526
1909	0.0516
1910	0.0518
1911	0.0521
1912	0.051
1913	0.0466
1914	0.056
1915	0.0588
1916	0.0636
1917	0.0666
1918	0.0792
1919	0.0699
1920	0.0663
1921	0.0625
1922	0.0572
1923	0.059
1924	0.0611
1925	0.0607
1926	0.0557
1927	0.0601
1928	0.057
1929	0.0563
1930	0.0561
1931	0.0562
1932	0.0612
1933	0.0605
1934	0.0645
1935	0.06
1936	0.059
1937	0.0588
1938	0.0623
1939	0.0688
1940	0.081
1941	0.0887
1942	0.0917
1943	0.0931
1944	0.0934
1945	0.1059
1946	0.1048
1947	0.1022
1948	0.1135
1949	0.1136
1950	0.1172
1951	0.1066
1952	0.0589
1953	0.0592
1954	0.0567
1955	0.0556
1956	0.0541
1957	0.0592
1958	0.054
1959	0.0557
1960	0.0518
1961	0.054
1962	0.0539
1963	0.0593
1964	0.0767
1965	0.1004
1966	0.1049
1967	0.1037
1968	0.1166
1969	0.1113
1970	0.108
1971	0.1095
1972	0.1212
1973	0.1217
1974	0.075
1975	0.0696
1976	0.0677
1977	0.065
1978	0.0617
1979	0.0606
1980	0.058
1981	0.0591
1982	0.0609
1983	0.0618
1984	0.061
1985	0.0671
1986	0.0567
1987	0.0569
1988	0.0593
1989	0.0705
1990	0.085
1991	0.1043
1992	0.1027
1993	0.0969
1994	0.0932
1995	0.0979
1996	0.09
1997	0.1029
1998	0.099
1999	0.1055
2000	0.1068
2001	0.1097
2002	0.1116
2003	0.1127
2004	0.1134
2005	0.1119
2006	0.1101
2007	0.1129
2008	0.1183
2009	0.1001
2010	0.0777
2011	0.0612
2012	0.0603
2013	0.0626
2014	0.0589
2015	0.0594
2016	0.0603
2017	0.0604
2018	0.0607
2019	0.0585
2020	0.0611
2021	0.0646
2022	0.0627
2023	0.0677
2024	0.0808
2025	0.0735
2026	0.0697
2027	0.0785
2028	0.0896
2029	0.0865
2030	0.0929
2031	0.0968
2032	0.1089
2033	0.0832
2034	0.0859
2035	0.093
2036	0.0944
2037	0.0888
2038	0.0935
2039	0.1138
2040	0.1119
2041	0.1119
2042	0.1171
2043	0.1138
2044	0.1106
2045	0.11
2046	0.1213
2047	0.1198
2048	0.1246
2049	0.1225
2050	0.1222
2051	0.1308
2052	0.1214
2053	0.1299
2054	0.1274
2055	0.1191
2056	0.1176
2057	0.1301
2058	0.1266
2059	0.1277
2060	0.1357
2061	0.1247
2062	0.1357
2063	0.1302
2064	0.1439
2065	0.1324
2066	0.1466
2067	0.1507
2068	0.138
2069	0.1237
2070	0.0725
2071	0.0738
2072	0.0692
2073	0.0666
2074	0.0651
2075	0.0678
2076	0.0619
2077	0.0654
2078	0.0685
2079	0.063
2080	0.065
2081	0.072
2082	0.0666
2083	0.0593
2084	0.0656
2085	0.0636
2086	0.0603
2087	0.0643
2088	0.0616
2089	0.0601
2090	0.0604
2091	0.0571
2092	0.0571
2093	0.0568
2094	0.07
2095	0.0717
2096	0.0885
2097	0.0909
2098	0.0951
2099	0.0818
2100	0.0718
2101	0.0699
2102	0.0743
2103	0.0662
2104	0.0647
2105	0.0679
2106	0.0673
2107	0.0707
2108	0.0684
2109	0.068
2110	0.0727
2111	0.0748
2112	0.0809
2113	0.0934
2114	0.0883
2115	0.0948
2116	0.1013
2117	0.102
2118	0.1088
2119	0.1103
2120	0.1101
2121	0.1083
2122	0.1244
2123	0.1118
2124	0.0734
2125	0.0666
2126	0.061
2127	0.0626
2128	0.0596
2129	0.0604
2130	0.0596
2131	0.0581
2132	0.0613
2133	0.0585
2134	0.0593
2135	0.0737
2136	0.0764
2137	0.0761
2138	0.0795
2139	0.0788
2140	0.0774
2141	0.0791
2142	0.0806
2143	0.0796
2144	0.0783
2145	0.0919
2146	0.1019
2147	0.0989
2148	0.0987
2149	0.1009
2150	0.1048
2151	0.105
2152	0.1122
2153	0.11
2154	0.1061
2155	0.1071
2156	0.1075
2157	0.0791
2158	0.0613
2159	0.0602
2160	0.0555
2161	0.0578
2162	0.0578
2163	0.0599
2164	0.0603
2165	0.0606
2166	0.0602
2167	0.0576
2168	0.0614
2169	0.0666
2170	0.0673
2171	0.0781
2172	0.0855
2173	0.0867
2174	0.0785
2175	0.0672
2176	0.0744
2177	0.0719
2178	0.0795
2179	0.0739
2180	0.0768
2181	0.0775
2182	0.0834
2183	0.0822
2184	0.0794
2185	0.0763
2186	0.0809
2187	0.0834
2188	0.0819
2189	0.0928
2190	0.0974
2191	0.101
2192	0.0958
2193	0.1007
2194	0.0978
2195	0.1015
2196	0.1037
2197	0.1107
2198	0.1036
2199	0.1032
2200	0.0986
2201	0.0998
2202	0.1087
2203	0.1115
2204	0.1138
2205	0.1101
2206	0.1103
2207	0.1062
2208	0.1121
2209	0.1134
2210	0.1158
2211	0.1091
2212	0.109
2213	0.1066
2214	0.1198
2215	0.1173
2216	0.1348
2217	0.1302
2218	0.1301
2219	0.1314
2220	0.1344
2221	0.1216
2222	0.0788
2223	0.0682
2224	0.0645
2225	0.0656
2226	0.0653
2227	0.0626
2228	0.0679
2229	0.0622
2230	0.0612
2231	0.0597
2232	0.061
2233	0.0574
2234	0.0629
2235	0.059
2236	0.0575
2237	0.0558
2238	0.0563
2239	0.0567
2240	0.0606
2241	0.0609
2242	0.0662
2243	0.0789
2244	0.0819
2245	0.0745
2246	0.0844
2247	0.0863
2248	0.087
2249	0.0965
2250	0.1041
2251	0.1046
2252	0.0982
2253	0.0897
2254	0.0955
2255	0.0988
2256	0.1015
2257	0.0805
2258	0.0697
2259	0.0711
2260	0.0729
2261	0.0747
2262	0.0813
2263	0.0885
2264	0.0875
2265	0.0891
2266	0.0844
2267	0.0854
2268	0.0802
2269	0.09
2270	0.0863
2271	0.0876
2272	0.0879
2273	0.0855
2274	0.0911
2275	0.0899
2276	0.0929
2277	0.0946
2278	0.0906
2279	0.0973
2280	0.0937
2281	0.0901
2282	0.0907
2283	0.0953
2284	0.0936
2285	0.0969
2286	0.092
2287	0.0991
2288	0.0918
2289	0.0975
2290	0.0993
2291	0.0955
2292	0.0935
2293	0.0899
2294	0.0958
2295	0.0885
2296	0.1015
2297	0.1092
2298	0.1015
2299	0.1083
2300	0.1039
2301	0.1034
2302	0.1016
2303	0.0942
2304	0.1014
2305	0.103
2306	0.0994
2307	0.1079
2308	0.1072
2309	0.1045
2310	0.1091
2311	0.1156
2312	0.1072
2313	0.1051
2314	0.1127
2315	0.1137
2316	0.1081
2317	0.1153
2318	0.1086
2319	0.1125
2320	0.1102
2321	0.1039
2322	0.1098
2323	0.1087
2324	0.1069
2325	0.1073
2326	0.111
2327	0.1141
2328	0.1192
2329	0.117
2330	0.1113
2331	0.1135
2332	0.1195
2333	0.1197
2334	0.1114
2335	0.1128
2336	0.1142
2337	0.1179
2338	0.1257
2339	0.1183
2340	0.1008
2341	0.1018
2342	0.1207
2343	0.1089
2344	0.1248
2345	0.0919
2346	0.0727
2347	0.0711
2348	0.0644
2349	0.0626
2350	0.0645
2351	0.061
2352	0.072
2353	0.0788
2354	0.0959
2355	0.0788
2356	0.0578
2357	0.0601
2358	0.061
2359	0.0663
2360	0.0948
2361	0.0941
2362	0.0945
2363	0.1116
2364	0.1063
2365	0.0955
2366	0.0723
2367	0.0639
2368	0.0643
2369	0.0635
2370	0.0654
2371	0.0671
2372	0.0661
2373	0.0774
2374	0.0762
2375	0.0828
2376	0.0907
2377	0.0954
2378	0.0982
2379	0.0873
2380	0.0862
2381	0.088
2382	0.0883
2383	0.0967
2384	0.0864
2385	0.0932
2386	0.0884
2387	0.0904
2388	0.0939
2389	0.0936
2390	0.0946
2391	0.1057
2392	0.1018
2393	0.1026
2394	0.1131
2395	0.1206
2396	0.1033
2397	0.0951
2398	0.1061
2399	0.0781
2400	0.0971
2401	0.1278
2402	0.0955
2403	0.0796
2404	0.0709
2405	0.0725
2406	0.0935
2407	0.1086
2408	0.1241
2409	0.0982
2410	0.0937
2411	0.1047
2412	0.1162
2413	0.1208
2414	0.1183
2415	0.0794
2416	0.072
2417	0.0797
2418	0.1281
2419	0.1372
2420	0.0988
2421	0.0705
2422	0.0667
2423	0.0698
2424	0.0715
2425	0.0627
2426	0.0671
2427	0.0707
2428	0.0695
2429	0.071
2430	0.0713
2431	0.0709
2432	0.0705
2433	0.0695
2434	0.0666
2435	0.0643
2436	0.0626
2437	0.0628
2438	0.0623
2439	0.0648
2440	0.0677
2441	0.0626
2442	0.0613
2443	0.0589
2444	0.0619
2445	0.0576
2446	0.0578
2447	0.0549
2448	0.0557
2449	0.0527
2450	0.0519
2451	0.0512
2452	0.0525
2453	0.0537
2454	0.0529
2455	0.0545
2456	0.0594
2457	0.0633
2458	0.0649
2459	0.0629
2460	0.0628
2461	0.0743
2462	0.0958
2463	0.1187
2464	0.1191
2465	0.0968
2466	0.0691
2467	0.0543
2468	0.0477
2469	0.0451
2470	0.047
2471	0.0516
2472	0.0528
2473	0.0556
2474	0.0526
2475	0.049
2476	0.0469
2477	0.046
2478	0.046
2479	0.0462
2480	0.051
2481	0.0517
2482	0.0499
2483	0.0498
2484	0.0521
2485	0.0546
2486	0.0525
2487	0.0507
2488	0.0534
2489	0.0587
2490	0.0603
2491	0.0537
2492	0.0486
2493	0.0491
2494	0.0492
2495	0.0512
2496	0.0509
2497	0.0508
2498	0.0504
2499	0.0524
2500	0.0547
2501	0.0559
2502	0.0532
2503	0.0532
2504	0.0648
2505	0.0872
2506	0.0979
2507	0.0792
2508	0.0456
2509	0.0412
2510	0.0447
2511	0.048
2512	0.0534
2513	0.0588
2514	0.0624
2515	0.0653
2516	0.0711
2517	0.0789
2518	0.081
2519	0.0842
2520	0.0866
2521	0.0897
2522	0.0916
2523	0.092
2524	0.0945
2525	0.0965
2526	0.0995
2527	0.1037
2528	0.1073
2529	0.111
2530	0.1145
2531	0.1178
2532	0.1212
2533	0.1234
2534	0.1162
2535	0.0877
2536	0.0731
2537	0.0535
2538	0.051
2539	0.0499
2540	0.0522
2541	0.0525
2542	0.0524
2543	0.053
2544	0.0542
2545	0.0563
2546	0.0624
2547	0.0652
2548	0.0847
2549	0.0941
2550	0.0939
2551	0.0926
2552	0.0974
2553	0.1031
2554	0.1067
2555	0.1082
2556	0.1094
2557	0.1081
2558	0.1093
2559	0.1091
2560	0.1098
2561	0.1095
2562	0.1081
2563	0.1087
2564	0.1099
2565	0.1153
2566	0.116
2567	0.1176
2568	0.1154
2569	0.1195
2570	0.1217
2571	0.1228
2572	0.1228
2573	0.1256
2574	0.1291
2575	0.1308
2576	0.1346
2577	0.1347
2578	0.1184
2579	0.0939
2580	0.0704
2581	0.0645
2582	0.0633
2583	0.0628
2584	0.0636
2585	0.0643
2586	0.0611
2587	0.0612
2588	0.0642
2589	0.0714
2590	0.0855
2591	0.1021
2592	0.1153
2593	0.1141
2594	0.101
2595	0.0908
2596	0.0873
2597	0.0904
2598	0.0946
2599	0.0968
2600	0.0953
2601	0.0997
2602	0.1066
2603	0.1137
2604	0.1166
2605	0.1159
2606	0.1158
2607	0.1172
2608	0.1129
2609	0.1008
2610	0.0929
2611	0.0937
2612	0.0967
2613	0.096
2614	0.0968
2615	0.0983
2616	0.1022
2617	0.1044
2618	0.1038
2619	0.1067
2620	0.1079
2621	0.1069
2622	0.106
2623	0.1072
2624	0.1112
2625	0.1116
2626	0.1106
2627	0.1108
2628	0.1147
2629	0.1186
2630	0.1176
2631	0.1178
2632	0.1196
2633	0.1198
2634	0.1223
2635	0.1237
2636	0.1238
2637	0.1238
2638	0.1234
2639	0.1272
2640	0.1285
2641	0.1316
2642	0.1325
2643	0.1329
2644	0.1311
2645	0.1266
2646	0.1247
2647	0.1271
2648	0.1298
2649	0.1265
2650	0.123
2651	0.1223
2652	0.1259
2653	0.126
2654	0.1274
2655	0.1266
2656	0.1281
2657	0.1256
2658	0.1246
2659	0.1223
2660	0.1278
2661	0.1337
2662	0.1385
2663	0.1345
2664	0.13
2665	0.1278
2666	0.127
2667	0.1266
2668	0.1302
2669	0.136
2670	0.1386
2671	0.1347
2672	0.1324
2673	0.1261
2674	0.1251
2675	0.1287
2676	0.1317
2677	0.1304
2678	0.129
2679	0.1254
2680	0.1229
2681	0.1248
2682	0.1296
2683	0.1343
2684	0.1374
2685	0.1371
2686	0.1253
2687	0.1173
2688	0.1029
2689	0.1074
2690	0.1128
2691	0.1116
2692	0.0993
2693	0.0983
2694	0.0957
2695	0.0942
2696	0.088
2697	0.0851
2698	0.0834
2699	0.083
2700	0.0852
2701	0.0893
2702	0.0927
2703	0.0913
2704	0.0856
2705	0.085
2706	0.087
2707	0.0854
2708	0.0822
2709	0.0831
2710	0.0861
2711	0.0858
2712	0.0823
2713	0.0821
2714	0.0837
2715	0.0853
2716	0.0882
2717	0.0987
2718	0.1129
2719	0.1104
2720	0.097
2721	0.1006
2722	0.1065
2723	0.1081
2724	0.1119
2725	0.1153
2726	0.1167
2727	0.1172
2728	0.12
2729	0.1205
2730	0.1147
2731	0.1117
2732	0.1154
2733	0.1221
2734	0.1273
2735	0.1263
2736	0.1265
2737	0.1307
2738	0.1324
2739	0.1341
2740	0.1346
2741	0.136
2742	0.1334
2743	0.1282
2744	0.1275
2745	0.1294
2746	0.1161
2747	0.0998
2748	0.0957
2749	0.0996
2750	0.1012
2751	0.1037
2752	0.1021
2753	0.1017
2754	0.1036
2755	0.1048
2756	0.1056
2757	0.1048
2758	0.1046
2759	0.1016
2760	0.0999
2761	0.101
2762	0.1044
2763	0.1062
2764	0.1054
2765	0.1039
2766	0.1024
2767	0.1032
2768	0.1043
2769	0.1066
2770	0.1047
2771	0.104
2772	0.1016
2773	0.0997
2774	0.0998
2775	0.1009
2776	0.103
2777	0.1055
2778	0.1045
2779	0.1055
2780	0.1055
2781	0.1045
2782	0.1077
2783	0.1088
2784	0.1116
2785	0.1095
2786	0.109
2787	0.1059
2788	0.105
2789	0.105
2790	0.1071
2791	0.1104
2792	0.1104
2793	0.1127
2794	0.1127
2795	0.1136
2796	0.1129
2797	0.1136
2798	0.1138
2799	0.1149
2800	0.118
2801	0.1171
2802	0.1172
2803	0.1172
2804	0.1185
2805	0.1198
2806	0.1228
2807	0.1232
2808	0.1213
2809	0.1159
2810	0.1146
2811	0.1171
2812	0.1184
2813	0.1161
2814	0.1177
2815	0.1208
2816	0.1222
2817	0.124
2818	0.1244
2819	0.1212
2820	0.119
2821	0.1197
2822	0.1194
2823	0.1197
2824	0.1205
2825	0.1206
2826	0.1195
2827	0.1195
2828	0.1232
2829	0.1245
2830	0.1265
2831	0.1293
2832	0.13
2833	0.1288
2834	0.1236
2835	0.1225
2836	0.1225
2837	0.1251
2838	0.1271
2839	0.1273
2840	0.1274
2841	0.129
2842	0.1298
2843	0.1315
2844	0.1316
2845	0.1332
2846	0.1318
2847	0.1307
2848	0.1283
2849	0.1284
2850	0.1273
2851	0.1274
2852	0.1288
2853	0.1277
2854	0.129
2855	0.1304
2856	0.1309
2857	0.1338
2858	0.1364
2859	0.1315
2860	0.1339
2861	0.1329
2862	0.1328
2863	0.1336
2864	0.1336
2865	0.1357
2866	0.1371
2867	0.1385
2868	0.1385
2869	0.1386
2870	0.1386
2871	0.1386
2872	0.1415
2873	0.1373
2874	0.1386
2875	0.1386
2876	0.1382
2877	0.143
2878	0.1418
2879	0.1414
2880	0.1393
2881	0.1403
2882	0.1416
2883	0.1383
2884	0.1383
2885	0.1382
2886	0.1385
2887	0.1406
2888	0.1404
2889	0.1383
2890	0.1339
2891	0.1196
2892	0.1189
2893	0.1145
2894	0.1296
2895	0.1379
2896	0.1315
2897	0.1128
2898	0.1049
2899	0.1024
2900	0.1034
2901	0.1026
2902	0.1047
2903	0.1025
2904	0.1095
2905	0.1193
2906	0.1313
2907	0.1371
2908	0.1373
2909	0.1403
2910	0.1414
2911	0.1413
2912	0.1382
2913	0.1338
2914	0.1339
2915	0.1339
2916	0.1413
2917	0.1428
2918	0.1436
2919	0.1429
2920	0.1287
2921	0.1208
2922	0.1289
2923	0.1359
2924	0.1386
2925	0.1382
2926	0.1404
2927	0.1367
2928	0.138
2929	0.1371
2930	0.1415
2931	0.1426
2932	0.1426
2933	0.1454
2934	0.1493
2935	0.1535
2936	0.1532
2937	0.14
2938	0.1143
2939	0.0935
2940	0.0878
2941	0.0895
2942	0.0888
2943	0.0892
2944	0.0885
2945	0.0862
2946	0.0845
2947	0.0846
2948	0.0867
2949	0.085
2950	0.0814
2951	0.0804
2952	0.0825
2953	0.0939
2954	0.1108
2955	0.124
2956	0.1187
2957	0.1087
2958	0.1025
2959	0.1052
2960	0.11
2961	0.1167
2962	0.1158
2963	0.1146
2964	0.1165
2965	0.1213
2966	0.1274
2967	0.1286
2968	0.1292
2969	0.1304
2970	0.1332
2971	0.135
2972	0.1385
2973	0.14
2974	0.1388
2975	0.1363
2976	0.1392
2977	0.1394
2978	0.1424
2979	0.1426
2980	0.1385
2981	0.1351
2982	0.1353
2983	0.1398
2984	0.1401
2985	0.1414
2986	0.1425
2987	0.1413
2988	0.1415
2989	0.1389
2990	0.1434
2991	0.1421
2992	0.1424
2993	0.144
2994	0.1428
2995	0.1423
2996	0.1452
2997	0.1432
2998	0.1446
2999	0.1435
3000	0.1437
3001	0.1477
3002	0.1418
3003	0.1302
3004	0.1262
3005	0.1215
3006	0.1226
3007	0.1216
3008	0.1206
3009	0.1215
3010	0.1237
3011	0.1251
3012	0.1258
3013	0.1261
3014	0.1279
3015	0.1273
3016	0.1279
3017	0.1266
3018	0.1285
3019	0.1312
3020	0.1301
3021	0.13
3022	0.1321
3023	0.135
3024	0.1361
3025	0.1403
3026	0.138
3027	0.1394
3028	0.1363
3029	0.1359
3030	0.1375
3031	0.1395
3032	0.1435
3033	0.1446
3034	0.1432
3035	0.1459
3036	0.1458
3037	0.1507
3038	0.1526
3039	0.1549
3040	0.1611
3041	0.1653
3042	0.1714
3043	0.1735
3044	0.1749
3045	0.1793
3046	0.1833
3047	0.1855
3048	0.1839
3049	0.1864
3050	0.1894
3051	0.1921
3052	0.1889
3053	0.192
3054	0.1923
3055	0.1953
3056	0.1953
3057	0.1996
3058	0.2007
3059	0.2037
3060	0.2037
3061	0.2061
3062	0.2095
3063	0.2099
3064	0.2114
3065	0.2113
3066	0.2109
3067	0.2119
3068	0.2149
3069	0.2131
3070	0.2153
3071	0.2147
3072	0.2158
3073	0.2145
3074	0.2191
3075	0.2129
3076	0.2138
3077	0.2173
3078	0.2138
3079	0.2141
3080	0.2144
3081	0.2136
3082	0.2141
