#top depth (m)	bottom depth (m)	duration (yr)	sigma duration (yr)
9.9	38.817	100	0.01
38.817	62.275	100	0.01
62.275	83.115	100	0.01
83.115	102.805	100	0.01
102.805	121.735	100	0.01
121.735	140.655	100	0.01
140.655	158.985	100	0.01
158.985	177.57675	100	0.9165151389911701
177.57675	195.92875	100	0.4345115508957602
195.92875	213.8075	100	0.32508290376173
213.8075	231.8075	100	0.2713974926131302
231.8075	249.5675	100	0.23785831296514015
249.5675	267.141	100	0.2143376401643895
267.141	284.6375	100	0.19666204163483947
284.6375	302.3825	100	0.18274953433951957
302.3825	319.7525	100	0.1714286042393205
319.7525	336.8525	100	0.1619824721429204
336.8525	353.661	100	0.15394456133582946
353.661	370.853	100	0.14699628841693002
370.853	387.95	100	0.14091167782208025
387.95	404.849	100	0.1355253817606794
404.849	421.071	100	0.13071324366596038
421.071	437.353	100	0.12637997482694008
437.353	453.523	100	0.12245105825776026
453.523	469.819	100	0.11886726603381081
469.819	485.793	100	0.11558084798662005
485.793	501.501	100	0.11255282104553999
501.501	517.475	100	0.10975100221623979
517.475	533.53	100	0.10714855548681967
533.53	549.39	100	0.10472290113131066
549.39	564.64	100	0.10245488520663049
564.64	579.92	100	0.10032813892093007
579.92	593.24	100	-2.9849774322458096
593.24	609.01	100	0.01
609.01	623.95	100	1.0
623.95	638.94	100	0.01
638.94	654.19	100	0.01
654.19	669.04	100	0.01
669.04	683.72	100	1.0
683.72	698.58	100	0.01
698.58	713.94	100	1.0
713.94	727.9	100	0.01
727.9	742.03	100	1.0
742.03	756.28	100	0.01
756.28	769.16	100	1.0
769.16	783.32	100	0.01
783.32	796.51	100	1.0
796.51	810.64	100	0.01
810.64	823.65	100	1.0
823.65	837.12	100	0.01
837.12	851.06	100	1.0
851.06	865.0	100	0.01
865.0	878.1	100	1.0
878.1	891.38	100	0.01
891.38	904.81	100	1.0
904.81	917.8	100	0.01
917.8	930.44	100	1.0
930.44	943.17	100	0.01
943.17	956.42	100	1.0
956.42	968.83	100	0.01
968.83	980.93	100	1.0
980.93	993.29	100	0.01
993.29	1006.29	100	1.0
1006.29	1019.06	100	0.01
1019.06	1031.04	100	1.0
1031.04	1043.11	100	0.01
1043.11	1055.75	100	1.0
1055.75	1068.22	100	0.01
1068.22	1080.57	100	1.0
1080.57	1092.06	100	2.0
1092.06	1104.39	100	2.0
1104.39	1116.03	100	2.0
1116.03	1127.67	100	2.0
1127.67	1139.33	100	2.0
1139.33	1150.88	100	2.0
1150.88	1162.88	100	2.0
1162.88	1173.98	100	2.0
1173.98	1185.54	100	2.0
1185.54	1196.94	100	2.0
1196.94	1207.93	100	2.0
1207.93	1218.27	100	2.0
1218.27	1227.87	100	2.0
1227.87	1237.88	100	2.0
1237.88	1247.28	100	2.0
1247.28	1257.17	100	2.0
1257.17	1266.82	100	2.0
1266.82	1276.21	100	2.0
1276.21	1285.71	100	2.0
1285.71	1294.64	100	2.0
1294.64	1303.98	100	2.0
1303.98	1312.72	100	2.0
1312.72	1321.55	100	2.0
1321.55	1329.8	100	2.0
1329.8	1338.45	100	2.0
1338.45	1346.42	100	2.0
1346.42	1354.64	100	2.0
1354.64	1362.63	100	2.0
1362.63	1370.83	100	2.0
1370.83	1378.76	100	2.0
1378.76	1386.42	100	2.0
1386.42	1393.7	100	2.0
1393.7	1401.09	100	2.0
1401.09	1408.453	100	1.0
1408.453	1415.299	100	1.0
1415.299	1421.997	100	0.01
1421.997	1428.68	100	1.0
1428.68	1435.254	100	1.0
1435.254	1441.61	100	0.01
1441.61	1447.929	100	1.0
1447.929	1454.003	100	1.0
1454.003	1460.014	100	1.0
1460.014	1465.945	100	0.01
1465.945	1471.928	100	1.0
1471.928	1477.522	100	1.0
1477.522	1482.716	100	0.01
1482.716	1488.539	100	1.0
1488.539	1493.169	100	1.0
1493.169	1496.294	100	4.0
1496.294	1499.16	100	3.0
1499.16	1502.059	100	3.0
1502.059	1504.98	100	3.0
1504.98	1507.691	100	4.0
1507.691	1510.466	100	3.0
1510.466	1513.166	100	3.0
1513.166	1516.036	100	3.0
1516.036	1518.567	100	3.0
1518.567	1521.458	100	3.0
1521.458	1524.229	100	3.0
1524.229	1527.71	100	3.0
1527.71	1531.752	100	3.0
1531.752	1535.474	100	3.0
1535.474	1538.903	100	2.0
1538.903	1542.782	100	3.0
1542.782	1547.113	100	3.0
1547.113	1551.622	100	2.0
1551.622	1555.751	100	3.0
1555.751	1560.026	100	2.0
1560.026	1564.626	100	3.0
1564.626	1569.309	100	3.0
1569.309	1573.172	100	2.0
1573.172	1577.056	100	3.0
1577.056	1581.512	100	3.0
1581.512	1586.556	100	2.0
1586.556	1591.402	100	2.0
1591.402	1596.513	100	3.0
1596.513	1601.812	100	3.0
1601.812	1605.586	100	3.0
1605.586	1608.443	100	4.0
1608.443	1611.056	100	3.0
1611.056	1613.451	100	3.0
1613.451	1615.707	100	5.0
1615.707	1617.888	100	3.0
1617.888	1620.279	100	5.0
1620.279	1622.543	100	4.0
1622.543	1624.875	100	4.0
1624.875	1627.02	100	6.0
1627.02	1629.139	100	2.0
1629.139	1631.217	100	5.0
1631.217	1633.511	100	4.0
1633.511	1635.884	100	7.0
1635.884	1638.168	100	6.0
1638.168	1640.381	100	6.0
1640.381	1642.5	100	6.0
1642.5	1644.864	100	4.0
1644.864	1647.172	100	5.0
1647.172	1649.407	100	6.0
1649.407	1651.805	100	5.0
1651.805	1654.137	100	6.0
1654.137	1656.408	100	8.0
1656.408	1658.642	100	6.0
1658.642	1661.067	100	7.0
1661.067	1663.461	100	5.0
1663.461	1665.616	100	6.0
1665.616	1667.91	100	9.0
1667.91	1670.129	100	4.0
1670.129	1672.321	100	3.0
1672.321	1674.657	100	5.0
1674.657	1676.971	100	5.0
1676.971	1679.338	100	3.0
1679.338	1681.537	100	3.0
1681.537	1683.72	100	5.0
1683.72	1686.197	100	3.0
1686.197	1688.498	100	3.0
1688.498	1690.623	100	4.0
1690.623	1692.844	100	4.0
1692.844	1695.047	100	8.0
1695.047	1697.39	100	3.0
1697.39	1699.702	100	6.0
1699.702	1701.986	100	5.0
1701.986	1704.149	100	7.0
1704.149	1706.369	100	4.0
1706.369	1708.556	100	4.0
1708.556	1710.719	100	5.0
1710.719	1712.982	100	5.0
1712.982	1715.258	100	4.0
1715.258	1717.542	100	5.0
1717.542	1719.632	100	4.0
1719.632	1721.801	100	4.0
1721.801	1724.071	100	4.0
1724.071	1726.2	100	5.0
1726.2	1728.377	100	3.0
1728.377	1730.703	100	4.0
1730.703	1733.082	100	5.0
1733.082	1735.163	100	5.0
1735.163	1737.315	100	3.0
1737.315	1739.578	100	5.0
1739.578	1741.689	100	4.0
1741.689	1743.848	100	3.0
1743.848	1745.858	100	7.0
1745.858	1747.821	100	5.0
1747.821	1749.679	100	7.0
1749.679	1751.639	100	5.0
1751.639	1753.589	100	3.0
1753.589	1755.509	100	5.0
1755.509	1757.412	100	4.0
1757.412	1759.318	100	4.0
1759.318	1761.182	100	5.0
1761.182	1763.034	100	5.0
1763.034	1765.013	100	2.0
1765.013	1766.866	100	2.0
1766.866	1768.625	100	5.0
1768.625	1770.506	100	6.0
1770.506	1772.335	100	5.0
1772.335	1774.247	100	3.0
1774.247	1776.323	100	5.0
1776.323	1778.255	100	7.0
1778.255	1780.216	100	2.0
1780.216	1782.25	100	4.0
1782.25	1784.163	100	6.0
1784.163	1786.414	100	8.0
1786.414	1788.472	100	3.0
1788.472	1790.405	100	3.0
1790.405	1792.806	100	5.0
1792.806	1794.999	100	5.0
1794.999	1796.847	100	9.0
1796.847	1798.511	100	3.0
1798.511	1800.082	100	9.0
1800.082	1801.705	100	5.0
1801.705	1803.261	100	7.0
1803.261	1804.768	100	5.0
1804.768	1806.303	100	5.0
1806.303	1807.846	100	5.0
1807.846	1809.498	100	7.0
1809.498	1811.17	100	5.0
1811.17	1812.796	100	5.0
1812.796	1814.289	100	6.0
1814.289	1815.778	100	4.0
1815.778	1817.241	100	5.0
1817.241	1818.893	100	3.0
1818.893	1820.567	100	8.0
1820.567	1822.191	100	5.0
1822.191	1823.684	100	5.0
1823.684	1825.124	100	5.0
1825.124	1826.695	100	7.0
1826.695	1828.181	100	7.0
1828.181	1829.648	100	6.0
1829.648	1831.076	100	7.0
1831.076	1832.6	100	4.0
1832.6	1834.053	100	4.0
1834.053	1835.588	100	7.0
1835.588	1837.27	100	5.0
1837.27	1839.152	100	4.0
1839.152	1841.028	100	3.0
1841.028	1842.769	100	4.0
1842.769	1844.586	100	3.0
1844.586	1846.136	100	6.0
1846.136	1847.771	100	5.0
1847.771	1849.472	100	7.0
1849.472	1851.224	100	5.0
1851.224	1852.945	100	5.0
1852.945	1854.688	100	3.0
1854.688	1856.284	100	5.0
1856.284	1858.026	100	3.0
1858.026	1859.707	100	6.0
1859.707	1861.389	100	6.0
1861.389	1864.172	100	5.0
1864.172	1867.26	100	3.0
1867.26	1870.008	100	7.0
1870.008	1871.603	100	9.0
1871.603	1873.259	100	8.0
1873.259	1874.803	100	9.0
1874.803	1876.286	100	7.0
1876.286	1877.875	100	10.0
1877.875	1879.521	100	3.0
1879.521	1881.231	100	3.0
1881.231	1883.269	100	4.0
1883.269	1886.126	100	2.0
1886.126	1889.391	100	5.0
1889.391	1892.056	100	4.0
1892.056	1893.705	100	5.0
1893.705	1895.176	100	7.0
1895.176	1896.59	100	6.0
1896.59	1898.001	100	3.0
1898.001	1899.434	100	6.0
1899.434	1900.731	100	7.0
1900.731	1902.155	100	8.0
1902.155	1903.499	100	9.0
1903.499	1904.947	100	8.0
1904.947	1906.384	100	7.0
1906.384	1907.895	100	7.0
1907.895	1909.32	100	6.0
1909.32	1910.736	100	5.0
1910.736	1912.163	100	6.0
1912.163	1913.529	100	7.0
1913.529	1914.913	100	4.0
1914.913	1916.556	100	6.0
1916.556	1918.379	100	10.0
1918.379	1920.333	100	4.0
1920.333	1922.035	100	10.0
1922.035	1923.566	100	5.0
1923.566	1925.241	100	8.0
1925.241	1926.749	100	5.0
1926.749	1928.344	100	9.0
1928.344	1929.865	100	7.0
1929.865	1931.347	100	7.0
1931.347	1932.931	100	9.0
1932.931	1934.596	100	7.0
1934.596	1936.228	100	5.0
1936.228	1937.772	100	6.0
1937.772	1939.465	100	4.0
1939.465	1941.538	100	7.0
1941.538	1943.967	100	7.0
1943.967	1946.632	100	4.0
1946.632	1949.416	100	7.0
1949.416	1952.243	100	3.0
1952.243	1953.7	100	6.0
1953.7	1955.209	100	8.0
1955.209	1956.626	100	11.0
1956.626	1958.113	100	9.0
1958.113	1959.561	100	4.0
1959.561	1960.913	100	3.0
1960.913	1962.318	100	8.0
1962.318	1963.716	100	7.0
1963.716	1965.831	100	3.0
1965.831	1968.606	100	3.0
1968.606	1971.408	100	6.0
1971.408	1974.289	100	9.0
1974.289	1976.086	100	11.0
1976.086	1977.767	100	7.0
1977.767	1979.32	100	7.0
1979.32	1980.81	100	7.0
1980.81	1982.331	100	6.0
1982.331	1983.87	100	9.0
1983.87	1985.433	100	6.0
1985.433	1986.958	100	6.0
1986.958	1988.4	100	6.0
1988.4	1990.05	100	7.0
1990.05	1992.449	100	7.0
1992.449	1994.851	100	4.0
1994.851	1997.212	100	4.0
1997.212	1999.777	100	3.0
1999.777	2002.426	100	6.0
2002.426	2005.191	100	4.0
2005.191	2007.921	100	7.0
2007.921	2010.471	100	4.0
2010.471	2012.038	100	3.0
2012.038	2013.529	100	7.0
2013.529	2014.986	100	6.0
2014.986	2016.429	100	9.0
2016.429	2017.883	100	7.0
2017.883	2019.35	100	7.0
2019.35	2020.806	100	7.0
2020.806	2022.345	100	6.0
2022.345	2023.931	100	9.0
2023.931	2025.805	100	8.0
2025.805	2027.559	100	7.0
2027.559	2029.638	100	3.0
2029.638	2031.8	100	4.0
2031.8	2034.079	100	5.0
2034.079	2036.229	100	2.0
2036.229	2038.364	100	3.0
2038.364	2040.953	100	3.0
2040.953	2043.639	100	4.0
2043.639	2046.301	100	2.0
2046.301	2049.167	100	2.0
2049.167	2052.126	100	2.0
2052.126	2055.044	100	2.0
2055.044	2057.906	100	1.0
2057.906	2060.891	100	4.0
2060.891	2063.903	100	3.0
2063.903	2067.123	100	6.0
2067.123	2070.156	100	3.0
2070.156	2071.823	100	4.0
2071.823	2073.384	100	9.0
2073.384	2074.915	100	5.0
2074.915	2076.395	100	3.0
2076.395	2077.896	100	5.0
2077.896	2079.412	100	3.0
2079.412	2080.853	100	5.0
2080.853	2082.478	100	9.0
2082.478	2083.881	100	7.0
2083.881	2085.311	100	6.0
2085.311	2086.742	100	10.0
2086.742	2088.204	100	9.0
2088.204	2089.547	100	8.0
2089.547	2090.968	100	10.0
2090.968	2092.288	100	8.0
2092.288	2093.569	100	11.0
2093.569	2095.077	100	8.0
2095.077	2096.864	100	4.0
2096.864	2098.985	100	5.0
2098.985	2100.776	100	4.0
2100.776	2102.386	100	5.0
2102.386	2103.965	100	8.0
2103.965	2105.474	100	4.0
2105.474	2107.003	100	7.0
2107.003	2108.535	100	3.0
2108.535	2110.142	100	6.0
2110.142	2111.839	100	3.0
2111.839	2113.767	100	3.0
2113.767	2115.82	100	2.0
2115.82	2118.121	100	2.0
2118.121	2120.56	100	4.0
2120.56	2123.195	100	3.0
2123.195	2125.134	100	4.0
2125.134	2126.581	100	9.0
2126.581	2128.028	100	8.0
2128.028	2129.413	100	5.0
2129.413	2130.752	100	4.0
2130.752	2132.093	100	7.0
2132.093	2133.472	100	5.0
2133.472	2134.805	100	6.0
2134.805	2136.479	100	6.0
2136.479	2138.216	100	6.0
2138.216	2140.026	100	5.0
2140.026	2141.809	100	5.0
2141.809	2143.607	100	6.0
2143.607	2145.5	100	7.0
2145.5	2147.733	100	4.0
2147.733	2149.974	100	4.0
2149.974	2152.364	100	5.0
2152.364	2154.785	100	4.0
2154.785	2157.222	100	3.0
2157.222	2158.724	100	3.0
2158.724	2160.078	100	4.0
2160.078	2161.314	100	6.0
2161.314	2162.624	100	5.0
2162.624	2163.916	100	6.0
2163.916	2165.278	100	5.0
2165.278	2166.58	100	5.0
2166.58	2167.853	100	5.0
2167.853	2169.25	100	2.0
2169.25	2170.713	100	5.0
2170.713	2172.373	100	6.0
2172.373	2174.248	100	2.0
2174.248	2175.849	100	3.0
2175.849	2177.411	100	5.0
2177.411	2179.037	100	7.0
2179.037	2180.656	100	6.0
2180.656	2182.344	100	6.0
2182.344	2184.124	100	3.0
2184.124	2185.805	100	6.0
2185.805	2187.512	100	6.0
2187.512	2189.343	100	8.0
2189.343	2191.379	100	5.0
2191.379	2193.443	100	5.0
2193.443	2195.58	100	3.0
2195.58	2197.82	100	4.0
2197.82	2200.012	100	4.0
2200.012	2202.107	100	8.0
2202.107	2204.376	100	5.0
2204.376	2206.757	100	6.0
2206.757	2209.032	100	5.0
2209.032	2211.403	100	5.0
2211.403	2213.653	100	7.0
2213.653	2216.081	100	5.0
2216.081	2218.831	100	5.0
2218.831	2221.582	100	3.0
2221.582	2223.318	100	3.0
2223.318	2224.677	100	4.0
2224.677	2226.033	100	7.0
2226.033	2227.396	100	7.0
2227.396	2228.749	100	5.0
2228.749	2230.034	100	7.0
2230.034	2231.268	100	2.0
2231.268	2232.52	100	6.0
2232.52	2233.737	100	5.0
2233.737	2234.992	100	5.0
2234.992	2236.196	100	5.0
2236.196	2237.347	100	5.0
2237.347	2238.464	100	4.0
2238.464	2239.616	100	6.0
2239.616	2240.798	100	3.0
2240.798	2242.028	100	5.0
2242.028	2243.441	100	7.0
2243.441	2245.035	100	5.0
2245.035	2246.571	100	5.0
2246.571	2248.245	100	4.0
2248.245	2250.096	100	4.0
2250.096	2252.145	100	3.0
2252.145	2253.966	100	4.0
2253.966	2255.848	100	5.0
2255.848	2257.677	100	6.0
2257.677	2259.051	100	6.0
2259.051	2260.431	100	8.0
2260.431	2261.866	100	4.0
2261.866	2263.468	100	5.0
2263.468	2265.137	100	5.0
2265.137	2266.796	100	4.0
2266.796	2268.406	100	4.0
2268.406	2270.025	100	4.0
2270.025	2271.664	100	4.0
2271.664	2273.285	100	4.0
2273.285	2274.938	100	7.0
2274.938	2276.646	100	4.0
2276.646	2278.35	100	4.0
2278.35	2280.082	100	1.0
2280.082	2281.775	100	4.0
2281.775	2283.452	100	3.0
2283.452	2285.136	100	6.0
2285.136	2286.872	100	4.0
2286.872	2288.595	100	5.0
2288.595	2290.305	100	5.0
2290.305	2292.067	100	5.0
2292.067	2293.691	100	6.0
2293.691	2295.368	100	5.0
2295.368	2297.094	100	7.0
2297.094	2298.979	100	8.0
2298.979	2300.876	100	6.0
2300.876	2302.669	100	6.0
2302.669	2304.412	100	6.0
2304.412	2306.217	100	7.0
2306.217	2308.089	100	6.0
2308.089	2309.945	100	5.0
2309.945	2311.952	100	4.0
2311.952	2313.85	100	6.0
2313.85	2315.852	100	4.0
2315.852	2317.799	100	6.0
2317.799	2319.784	100	8.0
2319.784	2321.673	100	6.0
2321.673	2323.591	100	10.0
2323.591	2325.496	100	7.0
2325.496	2327.472	100	6.0
2327.472	2329.52	100	3.0
2329.52	2331.476	100	7.0
2331.476	2333.598	100	6.0
2333.598	2335.596	100	6.0
2335.596	2337.616	100	6.0
2337.616	2339.753	100	6.0
2339.753	2341.496	100	7.0
2341.496	2343.546	100	6.0
2343.546	2345.628	100	3.0
2345.628	2346.91	100	6.0
2346.91	2348.164	100	6.0
2348.164	2349.267	100	6.0
2349.267	2350.428	100	4.0
2350.428	2351.529	100	5.0
2351.529	2352.729	100	6.0
2352.729	2354.088	100	7.0
2354.088	2355.686	100	10.0
2355.686	2356.77	100	6.0
2356.77	2357.795	100	5.0
2357.795	2358.862	100	4.0
2358.862	2360.022	100	3.0
2360.022	2361.656	100	6.0
2361.656	2363.338	100	7.0
2363.338	2365.256	100	6.0
2365.256	2366.647	100	5.0
2366.647	2367.805	100	5.0
2367.805	2368.915	100	5.0
2368.915	2370.0	100	5.0
2370.0	2371.12	100	7.0
2371.12	2372.29	100	6.0
2372.29	2373.444	100	5.0
2373.444	2374.754	100	6.0
2374.754	2376.166	100	4.0
2376.166	2377.744	100	5.0
2377.744	2379.353	100	7.0
2379.353	2380.828	100	5.0
2380.828	2382.309	100	6.0
2382.309	2383.855	100	5.0
2383.855	2385.319	100	4.0
2385.319	2386.859	100	2.0
2386.859	2388.368	100	3.0
2388.368	2389.919	100	4.0
2389.919	2391.553	100	2.0
2391.553	2393.253	100	5.0
2393.253	2395.038	100	4.0
2395.038	2396.869	100	4.0
2396.869	2398.532	100	5.0
2398.532	2399.885	100	5.0
2399.885	2401.587	100	7.0
2401.587	2403.206	100	5.0
2403.206	2404.459	100	7.0
2404.459	2405.576	100	6.0
2405.576	2407.038	100	5.0
2407.038	2408.896	100	6.0
2408.896	2410.435	100	4.0
2410.435	2412.143	100	6.0
2412.143	2414.015	100	6.0
2414.015	2415.616	100	6.0
2415.616	2416.8	100	3.0
2416.8	2418.072	100	6.0
2418.072	2420.177	100	3.0
2420.177	2421.531	100	6.0
2421.531	2422.613	100	6.0
2422.613	2423.693	100	6.0
2423.693	2424.793	100	5.0
2424.793	2425.816	100	2.0
2425.816	2426.872	100	3.0
2426.872	2427.981	100	7.0
