depth	LID
21	26.77
22	27.57
23	28.15
24	28.93
25	29.49
26	30.24
27	30.78
28	31.51
29	32.23
30	32.77
31	33.47
32	34.18
33	34.88
34	35.4
35	36.1
36	36.78
37	37.47
38	37.99
39	38.67
40	39.35
41	40.03
42	40.71
43	41.38
44	42.05
45	42.7
46	43.35
47	43.99
48	44.62
49	45.41
50	46.04
51	46.67
52	47.3
53	47.91
54	48.68
55	49.29
56	49.49
57	49.58
58	49.73
59	49.9
60	50.03
61	50.29
62	50.39
63	50.49
64	50.7
65	50.76
66	50.95
67	51.28
68	51.47
69	51.65
70	51.95
71	51.9
72	51.87
73	51.78
74	51.9
75	51.65
76	51.58
77	51.53
78	51.64
79	51.59
80	51.72
81	51.73
82	51.71
83	51.51
84	51.44
85	51.4
86	51.36
87	51.32
88	51.45
89	51.41
90	51.37
91	51.34
92	51.15
93	51.09
94	50.93
95	50.94
96	50.95
97	50.81
98	50.83
99	50.86
100	50.73
101	50.77
102	50.65
103	50.55
104	50.6
105	50.48
106	50.38
107	50.43
108	50.48
109	50.53
110	50.42
111	50.48
112	50.39
113	50.31
114	50.24
115	50.17
116	49.98
117	49.91
118	49.85
119	49.77
120	49.76
121	49.75
122	49.74
123	49.73
124	49.71
125	49.7
126	49.68
127	49.66
128	49.64
129	49.61
130	49.59
131	49.57
132	49.54
133	49.52
134	49.5
135	49.48
136	49.46
137	49.44
138	49.42
139	49.41
140	49.39
141	49.38
142	49.37
143	49.35
144	49.34
145	49.33
146	49.32
147	49.31
148	49.3
149	49.29
150	49.28
151	49.27
152	49.26
153	49.25
154	49.25
155	49.24
156	49.24
157	49.23
158	49.23
159	49.22
160	49.22
161	49.22
162	49.22
163	49.22
164	49.23
165	49.23
166	49.23
167	49.24
168	49.24
169	49.25
170	49.25
171	49.26
172	49.27
173	49.27
174	49.28
175	49.28
176	49.28
177	49.28
178	49.29
179	49.29
180	49.29
181	49.28
182	49.28
183	49.28
184	49.27
185	49.27
186	49.26
187	49.25
188	49.24
189	49.24
190	49.23
191	49.22
192	49.21
193	49.2
194	49.19
195	49.18
196	49.17
197	49.16
198	49.15
199	49.14
200	49.13
201	49.12
202	49.11
203	49.11
204	49.1
205	49.09
206	49.08
207	49.08
208	49.07
209	49.07
210	49.06
211	49.06
212	49.06
213	49.05
214	49.05
215	49.05
216	49.05
217	49.05
218	49.05
219	49.05
220	49.06
221	49.06
222	49.06
223	49.06
224	49.06
225	49.06
226	49.06
227	49.06
228	49.06
229	49.06
230	49.06
231	49.07
232	49.07
233	49.08
234	49.08
235	49.1
236	49.11
237	49.13
238	49.15
239	49.18
240	49.21
241	49.25
242	49.29
243	49.33
244	49.38
245	49.43
246	49.48
247	49.54
248	49.59
249	49.64
250	49.7
251	49.75
252	49.79
253	49.84
254	49.88
255	49.91
256	49.94
257	49.97
258	49.99
259	50.01
260	50.02
261	50.03
262	50.04
263	50.05
264	50.05
265	50.05
266	50.05
267	50.05
268	50.04
269	50.04
270	50.04
271	50.04
272	50.03
273	50.03
274	50.03
275	50.02
276	50.02
277	50.02
278	50.02
279	50.02
280	50.02
281	50.02
282	50.02
283	50.03
284	50.03
285	50.04
286	50.04
287	50.05
288	50.06
289	50.06
290	50.07
291	50.08
292	50.09
293	50.1
294	50.11
295	50.12
296	50.13
297	50.14
298	50.15
299	50.16
300	50.17
301	50.17
302	50.18
303	50.18
304	50.18
305	50.19
306	50.19
307	50.19
308	50.19
309	50.19
310	50.19
311	50.19
312	50.19
313	50.19
314	50.19
315	50.19
316	50.19
317	50.19
318	50.19
319	50.19
320	50.19
321	50.19
322	50.19
323	50.19
324	50.19
325	50.19
326	50.18
327	50.18
328	50.18
329	50.17
330	50.17
331	50.17
332	50.16
333	50.16
334	50.16
335	50.16
336	50.16
337	50.16
338	50.16
339	50.16
340	50.16
341	50.16
342	50.16
343	50.16
344	50.16
345	50.16
346	50.16
347	50.15
348	50.15
349	50.14
350	50.13
351	50.12
352	50.1
353	50.09
354	50.07
355	50.05
356	50.03
357	50.01
358	49.99
359	49.97
360	49.95
361	49.92
362	49.9
363	49.88
364	49.86
365	49.84
366	49.82
367	49.8
368	49.78
369	49.76
370	49.74
371	49.73
372	49.72
373	49.7
374	49.69
375	49.68
376	49.67
377	49.66
378	49.66
379	49.65
380	49.64
381	49.64
382	49.64
383	49.64
384	49.64
385	49.64
386	49.64
387	49.65
388	49.65
389	49.66
390	49.67
391	49.68
392	49.69
393	49.7
394	49.72
395	49.73
396	49.75
397	49.76
398	49.78
399	49.8
400	49.81
401	49.83
402	49.85
403	49.86
404	49.87
405	49.89
406	49.9
407	49.91
408	49.92
409	49.93
410	49.94
411	49.94
412	49.95
413	49.95
414	49.96
415	49.96
416	49.96
417	49.96
418	49.96
419	49.96
420	49.95
421	49.95
422	49.95
423	49.94
424	49.93
425	49.93
426	49.92
427	49.91
428	49.91
429	49.9
430	49.89
431	49.88
432	49.87
433	49.86
434	49.85
435	49.83
436	49.82
437	49.81
438	49.8
439	49.79
440	49.78
441	49.78
442	49.77
443	49.77
444	49.76
445	49.76
446	49.76
447	49.76
448	49.77
449	49.77
450	49.78
451	49.79
452	49.8
453	49.81
454	49.82
455	49.83
456	49.84
457	49.84
458	49.85
459	49.86
460	49.87
461	49.87
462	49.87
463	49.88
464	49.88
465	49.88
466	49.88
467	49.87
468	49.87
469	49.87
470	49.86
471	49.86
472	49.85
473	49.85
474	49.84
475	49.84
476	49.83
477	49.82
478	49.81
479	49.8
480	49.8
481	49.79
482	49.78
483	49.76
484	49.75
485	49.74
486	49.73
487	49.72
488	49.71
489	49.7
490	49.68
491	49.67
492	49.66
493	49.65
494	49.64
495	49.63
496	49.62
497	49.61
498	49.6
499	49.59
500	49.58
501	49.57
502	49.57
503	49.56
504	49.55
505	49.54
506	49.53
507	49.53
508	49.52
509	49.51
510	49.51
511	49.5
512	49.49
513	49.49
514	49.48
515	49.48
516	49.47
517	49.46
518	49.46
519	49.45
520	49.45
521	49.44
522	49.44
523	49.43
524	49.43
525	49.42
526	49.42
527	49.42
528	49.41
529	49.41
530	49.41
531	49.41
532	49.41
533	49.41
534	49.41
535	49.41
536	49.41
537	49.41
538	49.41
539	49.41
540	49.42
541	49.42
542	49.42
543	49.42
544	49.42
545	49.42
546	49.42
547	49.42
548	49.42
549	49.42
550	49.42
551	49.42
552	49.42
553	49.42
554	49.42
555	49.42
556	49.42
557	49.42
558	49.42
559	49.42
560	49.43
561	49.43
562	49.43
563	49.44
564	49.44
565	49.45
566	49.45
567	49.46
568	49.46
569	49.46
570	49.47
571	49.47
572	49.47
573	49.47
574	49.47
575	49.47
576	49.47
577	49.47
578	49.47
579	49.47
580	49.47
581	49.46
582	49.46
583	49.46
584	49.45
585	49.45
586	49.45
587	49.44
588	49.44
589	49.44
590	49.43
591	49.43
592	49.42
593	49.42
594	49.41
595	49.41
596	49.4
597	49.4
598	49.39
599	49.38
600	49.37
601	49.37
602	49.36
603	49.35
604	49.35
605	49.34
606	49.33
607	49.33
608	49.32
609	49.32
610	49.31
611	49.31
612	49.31
613	49.31
614	49.31
615	49.31
616	49.31
617	49.31
618	49.31
619	49.31
620	49.31
621	49.32
622	49.32
623	49.32
624	49.32
625	49.32
626	49.33
627	49.33
628	49.33
629	49.33
630	49.33
631	49.32
632	49.32
633	49.32
634	49.31
635	49.31
636	49.3
637	49.3
638	49.29
639	49.28
640	49.27
641	49.26
642	49.25
643	49.23
644	49.22
645	49.21
646	49.2
647	49.19
648	49.17
649	49.16
650	49.16
651	49.15
652	49.14
653	49.13
654	49.13
655	49.13
656	49.13
657	49.13
658	49.13
659	49.13
660	49.14
661	49.14
662	49.15
663	49.16
664	49.17
665	49.18
666	49.19
667	49.2
668	49.21
669	49.22
670	49.24
671	49.25
672	49.27
673	49.28
674	49.29
675	49.31
676	49.32
677	49.33
678	49.34
679	49.35
680	49.36
681	49.37
682	49.37
683	49.37
684	49.38
685	49.38
686	49.38
687	49.37
688	49.37
689	49.36
690	49.36
691	49.35
692	49.34
693	49.33
694	49.32
695	49.31
696	49.3
697	49.29
698	49.28
699	49.27
700	49.26
701	49.25
702	49.25
703	49.24
704	49.23
705	49.22
706	49.22
707	49.21
708	49.2
709	49.2
710	49.19
711	49.19
712	49.18
713	49.18
714	49.17
715	49.17
716	49.16
717	49.16
718	49.15
719	49.15
720	49.14
721	49.14
722	49.13
723	49.13
724	49.12
725	49.12
726	49.11
727	49.11
728	49.1
729	49.1
730	49.09
731	49.09
732	49.08
733	49.08
734	49.07
735	49.07
736	49.06
737	49.06
738	49.06
739	49.06
740	49.05
741	49.05
742	49.05
743	49.05
744	49.05
745	49.05
746	49.05
747	49.05
748	49.05
749	49.05
750	49.05
751	49.05
752	49.05
753	49.05
754	49.05
755	49.05
756	49.04
757	49.04
758	49.04
759	49.03
760	49.03
761	49.02
762	49.02
763	49.01
764	49.01
765	49.0
766	48.99
767	48.99
768	48.98
769	48.97
770	48.97
771	48.96
772	48.95
773	48.95
774	48.94
775	48.94
776	48.93
777	48.93
778	48.93
779	48.93
780	48.93
781	48.93
782	48.93
783	48.93
784	48.93
785	48.93
786	48.93
787	48.93
788	48.93
789	48.93
790	48.93
791	48.93
792	48.93
793	48.93
794	48.93
795	48.93
796	48.92
797	48.92
798	48.92
799	48.91
800	48.91
801	48.9
802	48.9
803	48.89
804	48.88
805	48.88
806	48.87
807	48.86
808	48.85
809	48.84
810	48.83
811	48.82
812	48.81
813	48.8
814	48.79
815	48.79
816	48.78
817	48.77
818	48.76
819	48.75
820	48.74
821	48.73
822	48.73
823	48.72
824	48.72
825	48.71
826	48.71
827	48.7
828	48.7
829	48.7
830	48.7
831	48.69
832	48.69
833	48.69
834	48.69
835	48.69
836	48.7
837	48.7
838	48.7
839	48.7
840	48.71
841	48.71
842	48.72
843	48.72
844	48.73
845	48.73
846	48.74
847	48.74
848	48.75
849	48.75
850	48.76
851	48.76
852	48.76
853	48.77
854	48.77
855	48.77
856	48.77
857	48.77
858	48.77
859	48.77
860	48.76
861	48.76
862	48.76
863	48.76
864	48.76
865	48.76
866	48.76
867	48.75
868	48.75
869	48.75
870	48.75
871	48.75
872	48.75
873	48.76
874	48.76
875	48.76
876	48.76
877	48.77
878	48.77
879	48.77
880	48.77
881	48.77
882	48.77
883	48.77
884	48.77
885	48.77
886	48.76
887	48.76
888	48.75
889	48.75
890	48.74
891	48.73
892	48.72
893	48.71
894	48.69
895	48.68
896	48.67
897	48.66
898	48.64
899	48.63
900	48.62
901	48.61
902	48.6
903	48.59
904	48.58
905	48.57
906	48.56
907	48.56
908	48.56
909	48.55
910	48.55
911	48.55
912	48.56
913	48.56
914	48.57
915	48.57
916	48.58
917	48.59
918	48.59
919	48.6
920	48.61
921	48.62
922	48.63
923	48.64
924	48.65
925	48.66
926	48.66
927	48.67
928	48.68
929	48.68
930	48.69
931	48.69
932	48.7
933	48.7
934	48.7
935	48.69
936	48.69
937	48.69
938	48.68
939	48.68
940	48.67
941	48.67
942	48.66
943	48.65
944	48.64
945	48.64
946	48.63
947	48.62
948	48.62
949	48.61
950	48.61
951	48.6
952	48.6
953	48.6
954	48.6
955	48.6
956	48.6
957	48.6
958	48.61
959	48.62
960	48.62
961	48.63
962	48.64
963	48.65
964	48.66
965	48.68
966	48.69
967	48.7
968	48.71
969	48.73
970	48.74
971	48.75
972	48.77
973	48.78
974	48.79
975	48.8
976	48.81
977	48.81
978	48.82
979	48.82
980	48.82
981	48.83
982	48.83
983	48.83
984	48.82
985	48.82
986	48.82
987	48.81
988	48.81
989	48.8
990	48.8
991	48.79
992	48.78
993	48.78
994	48.77
995	48.77
996	48.76
997	48.76
998	48.75
999	48.75
1000	48.75
1001	48.74
1002	48.74
1003	48.74
1004	48.73
1005	48.73
1006	48.73
1007	48.72
1008	48.72
1009	48.72
1010	48.71
1011	48.71
1012	48.7
1013	48.7
1014	48.69
1015	48.68
1016	48.68
1017	48.67
1018	48.67
1019	48.66
1020	48.66
1021	48.65
1022	48.65
1023	48.65
1024	48.64
1025	48.64
1026	48.64
1027	48.64
1028	48.64
1029	48.64
1030	48.64
1031	48.65
1032	48.65
1033	48.65
1034	48.65
1035	48.65
1036	48.66
1037	48.66
1038	48.66
1039	48.66
1040	48.66
1041	48.66
1042	48.66
1043	48.65
1044	48.65
1045	48.65
1046	48.64
1047	48.63
1048	48.63
1049	48.62
1050	48.61
1051	48.61
1052	48.6
1053	48.59
1054	48.59
1055	48.58
1056	48.57
1057	48.57
1058	48.56
1059	48.56
1060	48.56
1061	48.56
1062	48.56
1063	48.56
1064	48.56
1065	48.56
1066	48.56
1067	48.57
1068	48.57
1069	48.57
1070	48.58
1071	48.58
1072	48.59
1073	48.59
1074	48.6
1075	48.6
1076	48.61
1077	48.62
1078	48.62
1079	48.63
1080	48.63
1081	48.64
1082	48.64
1083	48.65
1084	48.65
1085	48.66
1086	48.67
1087	48.67
1088	48.68
1089	48.69
1090	48.7
1091	48.7
1092	48.71
1093	48.72
1094	48.73
1095	48.74
1096	48.75
1097	48.75
1098	48.76
1099	48.77
1100	48.78
1101	48.78
1102	48.79
1103	48.8
1104	48.8
1105	48.81
1106	48.81
1107	48.82
1108	48.82
1109	48.83
1110	48.83
1111	48.83
1112	48.83
1113	48.84
1114	48.84
1115	48.84
1116	48.84
1117	48.84
1118	48.84
1119	48.84
1120	48.84
1121	48.84
1122	48.83
1123	48.83
1124	48.83
1125	48.82
1126	48.82
1127	48.81
1128	48.81
1129	48.8
1130	48.79
1131	48.79
1132	48.78
1133	48.77
1134	48.76
1135	48.75
1136	48.75
1137	48.74
1138	48.73
1139	48.72
1140	48.71
1141	48.71
1142	48.7
1143	48.69
1144	48.68
1145	48.68
1146	48.67
1147	48.67
1148	48.66
1149	48.66
1150	48.65
1151	48.65
1152	48.65
1153	48.64
1154	48.64
1155	48.64
1156	48.64
1157	48.63
1158	48.63
1159	48.63
1160	48.62
1161	48.62
1162	48.62
1163	48.62
1164	48.61
1165	48.61
1166	48.61
1167	48.6
1168	48.6
1169	48.6
1170	48.6
1171	48.6
1172	48.6
1173	48.6
1174	48.6
1175	48.6
1176	48.6
1177	48.6
1178	48.6
1179	48.61
1180	48.61
1181	48.62
1182	48.62
1183	48.63
1184	48.63
1185	48.64
1186	48.65
1187	48.65
1188	48.66
1189	48.67
1190	48.68
1191	48.69
1192	48.7
1193	48.71
1194	48.72
1195	48.73
1196	48.74
1197	48.75
1198	48.76
1199	48.77
1200	48.78
1201	48.79
1202	48.8
1203	48.81
1204	48.82
1205	48.83
1206	48.84
1207	48.85
1208	48.87
1209	48.88
1210	48.9
1211	48.91
1212	48.93
1213	48.95
1214	48.97
1215	49.0
1216	49.03
1217	49.05
1218	49.08
1219	49.12
1220	49.15
1221	49.18
1222	49.22
1223	49.25
1224	49.29
1225	49.32
1226	49.35
1227	49.38
1228	49.4
1229	49.43
1230	49.45
1231	49.46
1232	49.48
1233	49.48
1234	49.49
1235	49.49
1236	49.49
1237	49.48
1238	49.48
1239	49.47
1240	49.45
1241	49.44
1242	49.43
1243	49.41
1244	49.39
1245	49.38
1246	49.36
1247	49.34
1248	49.33
1249	49.31
1250	49.3
1251	49.29
1252	49.28
1253	49.27
1254	49.26
1255	49.25
1256	49.25
1257	49.25
1258	49.25
1259	49.24
1260	49.25
1261	49.25
1262	49.25
1263	49.25
1264	49.25
1265	49.26
1266	49.26
1267	49.27
1268	49.27
1269	49.27
1270	49.28
1271	49.28
1272	49.29
1273	49.29
1274	49.3
1275	49.3
1276	49.31
1277	49.32
1278	49.32
1279	49.33
1280	49.34
1281	49.34
1282	49.35
1283	49.36
1284	49.36
1285	49.37
1286	49.38
1287	49.38
1288	49.39
1289	49.4
1290	49.41
1291	49.42
1292	49.43
1293	49.44
1294	49.45
1295	49.46
1296	49.47
1297	49.48
1298	49.49
1299	49.51
1300	49.52
1301	49.54
1302	49.56
1303	49.57
1304	49.59
1305	49.61
1306	49.63
1307	49.65
1308	49.67
1309	49.69
1310	49.71
1311	49.72
1312	49.75
1313	49.77
1314	49.79
1315	49.81
1316	49.83
1317	49.85
1318	49.87
1319	49.89
1320	49.92
1321	49.94
1322	49.96
1323	49.98
1324	50.0
1325	50.01
1326	50.02
1327	50.03
1328	50.04
1329	50.04
1330	50.05
1331	50.05
1332	50.05
1333	50.05
1334	50.04
1335	50.03
1336	50.02
1337	50.01
1338	49.99
1339	49.98
1340	49.96
1341	49.95
1342	49.93
1343	49.91
1344	49.9
1345	49.88
1346	49.86
1347	49.85
1348	49.83
1349	49.82
1350	49.81
1351	49.79
1352	49.78
1353	49.77
1354	49.76
1355	49.76
1356	49.75
1357	49.74
1358	49.74
1359	49.73
1360	49.73
1361	49.73
1362	49.73
1363	49.73
1364	49.73
1365	49.73
1366	49.73
1367	49.73
1368	49.74
1369	49.74
1370	49.74
1371	49.75
1372	49.76
1373	49.76
1374	49.77
1375	49.78
1376	49.79
1377	49.8
1378	49.81
1379	49.82
1380	49.83
1381	49.85
1382	49.86
1383	49.88
1384	49.89
1385	49.91
1386	49.93
1387	49.94
1388	49.97
1389	49.99
1390	50.01
1391	50.04
1392	50.06
1393	50.09
1394	50.12
1395	50.16
1396	50.19
1397	50.23
1398	50.26
1399	50.3
1400	50.34
1401	50.38
1402	50.42
1403	50.46
1404	50.5
1405	50.53
1406	50.57
1407	50.6
1408	50.63
1409	50.66
1410	50.69
1411	50.71
1412	50.73
1413	50.74
1414	50.76
1415	50.77
1416	50.78
1417	50.78
1418	50.79
1419	50.79
1420	50.79
1421	50.79
1422	50.79
1423	50.79
1424	50.78
1425	50.78
1426	50.79
1427	50.79
1428	50.79
1429	50.8
1430	50.81
1431	50.83
1432	50.85
1433	50.87
1434	50.89
1435	50.92
1436	50.95
1437	50.98
1438	51.02
1439	51.06
1440	51.1
1441	51.14
1442	51.18
1443	51.23
1444	51.27
1445	51.31
1446	51.35
1447	51.4
1448	51.43
1449	51.47
1450	51.5
1451	51.54
1452	51.56
1453	51.59
1454	51.61
1455	51.63
1456	51.65
1457	51.66
1458	51.67
1459	51.68
1460	51.69
1461	51.7
1462	51.71
1463	51.71
1464	51.72
1465	51.73
1466	51.73
1467	51.75
1468	51.76
1469	51.77
1470	51.79
1471	51.81
1472	51.83
1473	51.85
1474	51.87
1475	51.9
1476	51.93
1477	51.96
1478	52.0
1479	52.04
1480	52.08
1481	52.12
1482	52.18
1483	52.23
1484	52.28
1485	52.35
1486	52.41
1487	52.48
1488	52.56
1489	52.64
1490	52.73
1491	52.83
1492	52.92
1493	52.97
1494	53.02
1495	53.07
1496	53.11
1497	53.16
1498	53.2
1499	53.24
1500	53.28
1501	53.31
1502	53.34
1503	53.36
1504	53.37
1505	53.38
1506	53.37
1507	53.36
1508	53.35
1509	53.32
1510	53.28
1511	53.23
1512	53.16
1513	53.09
1514	53.01
1515	52.93
1516	52.84
1517	52.75
1518	52.65
1519	52.56
1520	52.48
1521	52.39
1522	52.3
1523	52.21
1524	52.14
1525	52.06
1526	51.99
1527	51.92
1528	51.85
1529	51.78
1530	51.72
1531	51.66
1532	51.61
1533	51.56
1534	51.51
1535	51.47
1536	51.43
1537	51.4
1538	51.37
1539	51.34
1540	51.34
1541	51.35
1542	51.36
1543	51.37
1544	51.38
1545	51.41
1546	51.43
1547	51.46
1548	51.48
1549	51.51
1550	51.54
1551	51.57
1552	51.6
1553	51.63
1554	51.65
1555	51.68
1556	51.71
1557	51.72
1558	51.74
1559	51.76
1560	51.78
1561	51.8
1562	51.82
1563	51.85
1564	51.87
1565	51.89
1566	51.92
1567	51.94
1568	51.96
1569	51.98
1570	52.0
1571	52.02
1572	52.03
1573	52.05
1574	52.06
1575	52.06
1576	52.06
1577	52.05
1578	52.04
1579	52.04
1580	52.02
1581	52.0
1582	51.98
1583	51.97
1584	51.95
1585	51.94
1586	51.93
1587	51.92
1588	51.93
1589	51.94
1590	51.97
1591	52.0
1592	52.05
1593	52.11
1594	52.2
1595	52.28
1596	52.38
1597	52.5
1598	52.63
1599	52.78
1600	52.96
1601	53.14
1602	53.33
1603	53.54
1604	53.75
1605	53.97
1606	54.19
1607	54.4
1608	54.63
1609	54.84
1610	55.06
1611	55.26
1612	55.46
1613	55.65
1614	55.82
1615	55.99
1616	56.14
1617	56.27
1618	56.39
1619	56.48
1620	56.57
1621	56.64
1622	56.7
1623	56.74
1624	56.78
1625	56.84
1626	56.92
1627	56.98
1628	56.9
1629	56.83
1630	56.75
1631	56.67
1632	56.59
1633	56.51
1634	56.43
1635	56.36
1636	56.28
1637	56.21
1638	56.14
1639	56.07
1640	56.01
1641	55.95
1642	55.89
1643	55.84
1644	55.8
1645	55.76
1646	55.73
1647	55.7
1648	55.68
1649	55.66
1650	55.64
1651	55.63
1652	55.63
1653	55.62
1654	55.63
1655	55.64
1656	55.66
1657	55.68
1658	55.7
1659	55.73
1660	55.77
1661	55.81
1662	55.86
1663	55.91
1664	55.92
1665	55.92
1666	55.93
1667	55.91
1668	55.89
1669	55.81
1670	55.74
1671	55.56
1672	55.39
1673	55.29
1674	55.21
1675	55.12
1676	55.04
1677	54.96
1678	54.88
1679	54.79
1680	54.71
1681	54.62
1682	54.54
1683	54.46
1684	54.38
1685	54.29
1686	54.21
1687	54.13
1688	54.04
1689	53.96
1690	53.87
1691	53.79
1692	53.64
1693	53.47
1694	53.32
1695	53.18
1696	53.1
1697	53.02
1698	52.93
1699	52.85
1700	52.77
1701	52.69
1702	52.6
1703	52.52
1704	52.44
1705	52.36
1706	52.27
1707	52.19
1708	52.11
1709	52.03
1710	51.95
1711	51.87
1712	51.78
1713	51.7
1714	51.62
1715	51.53
1716	51.41
1717	51.37
1718	51.36
1719	51.38
1720	51.4
1721	51.43
1722	51.46
1723	51.49
1724	51.52
1725	51.56
1726	51.59
1727	51.63
1728	51.67
1729	51.71
1730	51.75
1731	51.79
1732	51.82
1733	51.85
1734	51.88
1735	51.91
1736	51.93
1737	51.94
1738	51.95
1739	51.96
1740	51.96
1741	51.96
1742	51.96
1743	51.95
1744	51.94
1745	51.92
1746	51.89
1747	51.85
1748	51.82
1749	51.78
1750	51.74
1751	51.7
1752	51.67
1753	51.63
1754	51.59
1755	51.56
1756	51.54
1757	51.54
1758	51.54
1759	51.53
1760	51.47
1761	51.42
1762	51.36
1763	51.3
1764	51.25
1765	51.2
1766	51.14
1767	51.09
1768	51.04
1769	51.0
1770	50.96
1771	50.92
1772	50.88
1773	50.85
1774	50.82
1775	50.81
1776	50.82
1777	50.84
1778	50.85
1779	50.82
1780	50.8
1781	50.78
1782	50.76
1783	50.74
1784	50.73
1785	50.72
1786	50.7
1787	50.69
1788	50.68
1789	50.66
1790	50.65
1791	50.65
1792	50.65
1793	50.65
1794	50.65
1795	50.64
1796	50.63
1797	50.65
1798	50.67
1799	50.69
1800	50.71
1801	50.73
1802	50.74
1803	50.75
1804	50.75
1805	50.75
1806	50.75
1807	50.75
1808	50.74
1809	50.72
1810	50.68
1811	50.55
1812	50.43
1813	50.32
1814	50.22
1815	50.11
1816	50.0
1817	49.9
1818	49.87
1819	50.03
1820	50.17
1821	50.33
1822	50.5
1823	50.68
1824	50.87
1825	51.04
1826	51.22
1827	51.42
1828	51.62
1829	51.83
1830	52.08
1831	52.32
1832	52.55
1833	52.79
1834	52.98
1835	53.14
1836	53.29
1837	53.4
1838	53.48
1839	53.56
1840	53.65
1841	53.73
1842	53.83
1843	53.91
1844	54.01
1845	54.11
1846	54.21
1847	54.3
1848	54.39
1849	54.48
1850	54.55
1851	54.63
1852	54.7
1853	54.77
1854	54.83
1855	54.89
1856	54.95
1857	55.0
1858	55.07
1859	55.12
1860	55.19
1861	55.23
1862	55.26
1863	55.29
1864	55.33
1865	55.39
1866	55.44
1867	55.51
1868	55.58
1869	55.68
1870	55.81
1871	55.95
1872	56.07
1873	56.21
1874	56.33
1875	56.49
1876	56.67
1877	56.83
1878	56.97
1879	57.28
1880	57.64
1881	57.88
1882	58.08
1883	58.25
1884	58.4
1885	58.58
1886	58.75
1887	58.94
1888	59.13
1889	59.34
1890	59.57
1891	59.88
1892	59.89
1893	59.94
1894	59.99
1895	60.07
1896	60.14
1897	60.22
1898	60.25
1899	60.22
1900	60.15
1901	60.07
1902	59.82
1903	59.54
1904	59.25
1905	58.93
1906	58.66
1907	58.44
1908	58.2
1909	58.04
1910	57.96
1911	57.9
1912	57.84
1913	57.78
1914	57.72
1915	57.67
1916	57.63
1917	57.6
1918	57.58
1919	57.56
1920	57.52
1921	57.49
1922	57.48
1923	57.48
1924	57.47
1925	57.46
1926	57.45
1927	57.42
1928	57.38
1929	57.32
1930	57.24
1931	57.15
1932	57.04
1933	56.94
1934	56.82
1935	56.7
1936	56.57
1937	56.44
1938	56.32
1939	56.21
1940	56.12
1941	56.06
1942	55.97
1943	55.86
1944	55.77
1945	55.7
1946	55.65
1947	55.61
1948	55.57
1949	55.53
1950	55.48
1951	55.44
1952	55.35
1953	55.28
1954	55.2
1955	55.07
1956	54.92
1957	54.77
1958	54.78
1959	54.78
1960	54.76
1961	54.72
1962	54.66
1963	54.58
1964	54.53
1965	54.48
1966	54.44
1967	54.39
1968	54.35
1969	54.32
1970	54.3
1971	54.31
1972	54.33
1973	54.36
1974	54.43
1975	54.52
1976	54.63
1977	54.73
1978	54.82
1979	54.9
1980	54.96
1981	54.97
1982	54.89
1983	54.79
1984	54.66
1985	54.53
1986	54.36
1987	54.18
1988	53.98
1989	53.8
1990	53.63
1991	53.48
1992	53.37
1993	53.26
1994	53.14
1995	53.03
1996	52.93
1997	52.84
1998	52.77
1999	52.72
2000	52.68
2001	52.67
2002	52.67
2003	52.69
2004	52.73
2005	52.79
2006	52.86
2007	52.95
2008	53.05
2009	53.16
2010	53.28
2011	53.4
2012	53.53
2013	53.66
2014	53.77
2015	53.87
2016	53.96
2017	54.02
2018	54.07
2019	54.16
2020	54.33
2021	54.48
2022	54.61
2023	54.71
2024	54.75
2025	54.75
2026	54.74
2027	54.68
2028	54.58
2029	54.5
2030	54.41
2031	54.32
2032	54.23
2033	54.15
2034	54.07
2035	53.99
2036	53.93
2037	53.86
2038	53.81
2039	53.75
2040	53.7
2041	53.72
2042	53.74
2043	53.78
2044	53.83
2045	53.87
2046	53.97
2047	54.07
2048	54.17
2049	54.28
2050	54.39
2051	54.5
2052	54.63
2053	54.74
2054	54.87
2055	55.01
2056	55.16
2057	55.31
2058	55.47
2059	55.65
2060	55.83
2061	56.02
2062	56.22
2063	56.44
2064	56.65
2065	56.89
2066	57.22
2067	57.58
2068	57.96
2069	58.38
2070	58.93
2071	59.62
2072	60.35
2073	61.13
2074	61.93
2075	62.73
2076	63.59
2077	64.47
2078	65.28
2079	66.03
2080	66.72
2081	67.29
2082	67.82
2083	68.35
2084	68.75
2085	69.12
2086	69.49
2087	69.84
2088	70.13
2089	70.37
2090	70.58
2091	70.81
2092	71.05
2093	71.32
2094	71.52
2095	71.74
2096	71.91
2097	72.09
2098	72.26
2099	72.3
2100	72.32
2101	72.32
2102	72.28
2103	72.23
2104	72.12
2105	71.96
2106	71.78
2107	71.56
2108	71.35
2109	71.11
2110	70.87
2111	70.67
2112	70.47
2113	70.32
2114	70.25
2115	70.23
2116	70.24
2117	70.31
2118	70.45
2119	70.63
2120	70.87
2121	71.17
2122	71.51
2123	71.65
2124	71.8
2125	72.14
2126	72.54
2127	73.09
2128	73.57
2129	73.97
2130	74.23
2131	74.33
2132	74.24
2133	73.93
2134	73.43
2135	72.76
2136	72.06
2137	71.31
2138	70.52
2139	69.75
2140	68.98
2141	68.2
2142	67.35
2143	66.69
2144	66.11
2145	65.65
2146	65.35
2147	65.15
2148	65.02
2149	64.97
2150	65.01
2151	65.1
2152	65.26
2153	65.45
2154	65.69
2155	65.97
2156	66.28
2157	66.45
2158	66.68
2159	67.03
2160	67.34
2161	67.62
2162	67.76
2163	67.76
2164	67.57
2165	67.26
2166	66.88
2167	66.41
2168	65.99
2169	65.53
2170	65.05
2171	64.59
2172	64.16
2173	63.76
2174	63.37
2175	62.96
2176	62.57
2177	62.21
2178	61.89
2179	61.58
2180	61.29
2181	61.03
2182	60.79
2183	60.57
2184	60.36
2185	60.28
2186	60.19
2187	60.06
2188	59.91
2189	59.83
2190	59.74
2191	59.64
2192	59.54
2193	59.41
2194	59.26
2195	59.09
2196	58.93
2197	58.77
2198	58.64
2199	58.66
2200	58.69
2201	58.72
2202	58.76
2203	58.8
2204	58.84
2205	58.89
2206	58.95
2207	59.03
2208	59.12
2209	59.21
2210	59.32
2211	59.44
2212	59.57
2213	59.72
2214	59.87
2215	60.04
2216	60.24
2217	60.46
2218	60.59
2219	60.72
2220	61.08
2221	61.47
2222	61.9
2223	62.49
2224	63.16
2225	63.86
2226	64.53
2227	65.15
2228	65.77
2229	66.32
2230	66.81
2231	67.2
2232	67.48
2233	67.64
2234	67.68
2235	67.75
2236	67.69
2237	67.39
2238	66.99
2239	66.51
2240	65.98
2241	65.46
2242	64.93
2243	64.44
2244	64.03
2245	63.66
2246	63.31
2247	63.04
2248	62.81
2249	62.64
2250	62.52
2251	62.45
2252	62.41
2253	62.41
2254	62.44
2255	62.28
2256	62.14
2257	61.99
2258	61.84
2259	61.7
2260	61.57
2261	61.42
2262	61.26
2263	61.1
2264	60.91
2265	60.71
2266	60.47
2267	60.22
2268	59.95
2269	59.69
2270	59.42
2271	59.19
2272	58.95
2273	58.71
2274	58.48
2275	58.25
2276	58.04
2277	57.84
2278	57.64
2279	57.5
2280	57.41
2281	57.31
2282	57.22
2283	57.12
2284	57.03
2285	56.93
2286	56.83
2287	56.74
2288	56.63
2289	56.53
2290	56.42
2291	56.3
2292	56.17
2293	56.03
2294	55.9
2295	55.77
2296	55.73
2297	55.69
2298	55.65
2299	55.59
2300	55.53
2301	55.48
2302	55.45
2303	55.43
2304	55.41
2305	55.39
2306	55.38
2307	55.38
2308	55.38
2309	55.41
2310	55.43
2311	55.46
2312	55.49
2313	55.52
2314	55.55
2315	55.58
2316	55.61
2317	55.64
2318	55.67
2319	55.7
2320	55.73
2321	55.77
2322	55.8
2323	55.9
2324	56.03
2325	56.21
2326	56.39
2327	56.57
2328	56.75
2329	56.92
2330	57.1
2331	57.28
2332	57.46
2333	57.64
2334	57.82
2335	58.0
2336	58.19
2337	58.36
2338	58.54
2339	58.72
2340	58.92
2341	59.11
2342	59.39
2343	59.81
2344	60.23
2345	60.6
2346	61.06
2347	61.61
2348	62.17
2349	62.72
2350	63.19
2351	63.57
2352	63.85
2353	64.02
2354	64.11
2355	64.2
2356	64.27
2357	64.27
2358	64.27
2359	64.35
2360	64.46
2361	64.66
2362	64.89
2363	65.13
2364	65.14
2365	65.17
2366	65.19
2367	65.23
2368	65.3
2369	65.34
2370	65.36
2371	65.32
2372	65.23
2373	65.1
2374	64.94
2375	64.75
2376	64.56
2377	64.38
2378	64.21
2379	64.04
2380	63.84
2381	63.66
2382	63.49
2383	63.49
2384	63.23
2385	63.0
2386	62.79
2387	62.62
2388	62.48
2389	62.38
2390	62.3
2391	62.26
2392	62.23
2393	62.22
2394	62.23
2395	62.25
2396	62.27
2397	62.29
2398	62.32
2399	62.31
2400	62.33
2401	62.39
2402	62.42
2403	62.43
2404	62.42
2405	62.39
2406	62.36
2407	62.34
2408	62.34
2409	62.34
2410	62.34
2411	62.37
2412	62.43
2413	62.51
2414	62.6
2415	62.7
2416	62.84
2417	63.04
2418	63.28
2419	63.33
2420	63.3
2421	63.22
2422	63.16
2423	63.32
2424	63.43
2425	63.47
2426	63.49
2427	63.48
2428	63.43
2429	63.36
2430	63.27
2431	63.17
2432	63.05
2433	62.92
2434	62.77
2435	62.61
2436	62.44
2437	62.27
2438	62.09
2439	61.92
2440	61.75
2441	61.56
2442	61.36
2443	61.15
2444	60.95
2445	60.73
2446	60.5
2447	60.26
2448	60.02
2449	59.76
2450	59.49
2451	59.2
2452	58.91
2453	58.61
2454	58.3
2455	58.01
2456	57.74
2457	57.63
2458	57.6
2459	57.57
2460	57.56
2461	57.56
2462	57.57
2463	57.59
2464	57.62
2465	57.64
2466	57.67
2467	57.7
2468	57.74
2469	57.78
2470	57.81
2471	57.84
2472	57.85
2473	57.86
2474	57.86
2475	57.85
2476	57.88
2477	57.94
2478	57.99
2479	58.03
2480	58.07
2481	58.1
2482	58.12
2483	58.14
2484	58.16
2485	58.17
2486	58.18
2487	58.19
2488	58.19
2489	58.2
2490	58.21
2491	58.22
2492	58.24
2493	58.26
2494	58.28
2495	58.32
2496	58.35
2497	58.37
2498	58.38
2499	58.37
2500	58.35
2501	58.33
2502	58.31
2503	58.29
2504	58.27
2505	58.26
2506	58.18
2507	58.08
2508	57.96
2509	57.83
2510	57.7
2511	57.56
2512	57.4
2513	57.22
2514	57.0
2515	56.79
2516	56.6
2517	56.43
2518	56.28
2519	56.15
2520	56.04
2521	55.95
2522	55.87
2523	55.82
2524	55.79
2525	55.78
2526	55.79
2527	55.81
2528	55.85
2529	55.9
2530	55.96
2531	56.03
2532	56.1
2533	56.16
2534	56.22
2535	56.26
2536	56.32
2537	56.34
2538	56.37
2539	56.42
2540	56.47
2541	56.51
2542	56.5
2543	56.5
2544	56.55
2545	56.58
2546	56.56
2547	56.52
2548	56.44
2549	56.34
2550	56.24
2551	56.12
2552	56.07
2553	56.01
2554	55.95
2555	55.89
2556	55.85
2557	55.81
2558	55.78
2559	55.77
2560	55.76
2561	55.76
2562	55.77
2563	55.8
2564	55.86
2565	55.92
2566	56.0
2567	56.09
2568	56.19
2569	56.3
2570	56.42
2571	56.55
2572	56.69
2573	56.84
2574	57.0
2575	57.16
2576	57.32
2577	57.48
2578	57.67
2579	57.88
2580	58.11
2581	58.32
2582	58.45
2583	58.52
2584	58.52
2585	58.44
2586	58.34
2587	58.2
2588	58.03
2589	57.84
2590	57.66
2591	57.51
2592	57.36
2593	57.23
2594	57.09
2595	56.95
2596	56.82
2597	56.69
2598	56.58
2599	56.47
2600	56.36
2601	56.25
2602	56.15
2603	56.06
2604	55.98
2605	55.9
2606	55.82
2607	55.74
2608	55.67
2609	55.59
2610	55.51
2611	55.43
2612	55.35
2613	55.27
2614	55.19
2615	55.11
2616	55.02
2617	54.93
2618	54.84
2619	54.76
2620	54.66
2621	54.57
2622	54.51
2623	54.45
2624	54.39
2625	54.33
2626	54.29
2627	54.25
2628	54.21
2629	54.18
2630	54.15
2631	54.12
2632	54.09
2633	54.07
2634	54.04
2635	54.01
2636	53.98
2637	53.96
2638	53.93
2639	53.91
2640	53.89
2641	53.87
2642	53.85
2643	53.84
2644	53.83
2645	53.82
2646	53.81
2647	53.8
2648	53.8
2649	53.79
2650	53.79
2651	53.79
2652	53.79
2653	53.79
2654	53.79
2655	53.79
2656	53.8
2657	53.8
2658	53.8
2659	53.8
2660	53.81
2661	53.82
2662	53.82
2663	53.83
2664	53.85
2665	53.86
2666	53.88
2667	53.9
2668	53.93
2669	53.96
2670	53.99
2671	54.03
2672	54.08
2673	54.13
2674	54.19
2675	54.26
2676	54.33
2677	54.4
2678	54.47
2679	54.55
2680	54.64
2681	54.74
2682	54.84
2683	54.95
2684	55.06
2685	55.16
2686	55.27
2687	55.37
2688	55.47
2689	55.56
2690	55.66
2691	55.75
2692	55.83
2693	55.9
2694	55.95
2695	55.98
2696	56.01
2697	56.03
2698	56.03
2699	56.02
2700	56.0
2701	55.97
2702	55.93
2703	55.88
2704	55.82
2705	55.75
2706	55.68
2707	55.59
2708	55.49
2709	55.38
2710	55.27
2711	55.15
2712	55.02
2713	54.89
2714	54.76
2715	54.63
2716	54.51
2717	54.39
2718	54.27
2719	54.15
2720	54.03
2721	53.9
2722	53.82
2723	53.74
2724	53.67
2725	53.59
2726	53.53
2727	53.47
2728	53.42
2729	53.38
2730	53.35
2731	53.33
2732	53.31
2733	53.31
2734	53.3
2735	53.31
2736	53.32
2737	53.35
2738	53.38
2739	53.42
2740	53.46
2741	53.51
2742	53.56
2743	53.62
2744	53.69
2745	53.75
2746	53.82
2747	53.89
2748	53.94
2749	53.98
2750	54.04
2751	54.09
2752	54.15
2753	54.21
2754	54.26
2755	54.32
2756	54.37
2757	54.42
2758	54.46
2759	54.51
2760	54.56
2761	54.6
2762	54.65
2763	54.68
2764	54.72
2765	54.74
2766	54.74
2767	54.75
2768	54.75
2769	54.75
2770	54.75
2771	54.75
2772	54.74
2773	54.74
2774	54.74
2775	54.73
2776	54.73
2777	54.72
2778	54.71
2779	54.7
2780	54.69
2781	54.68
2782	54.67
2783	54.65
2784	54.64
2785	54.62
2786	54.6
2787	54.59
2788	54.56
2789	54.54
2790	54.52
2791	54.5
2792	54.47
2793	54.44
2794	54.42
2795	54.39
2796	54.36
2797	54.33
2798	54.29
2799	54.26
2800	54.23
2801	54.2
2802	54.17
2803	54.14
2804	54.11
2805	54.09
2806	54.06
2807	54.04
2808	54.01
2809	53.99
2810	53.97
2811	53.94
2812	53.92
2813	53.9
2814	53.88
2815	53.86
2816	53.84
2817	53.82
2818	53.79
2819	53.77
2820	53.75
2821	53.72
2822	53.7
2823	53.67
2824	53.65
2825	53.62
2826	53.59
2827	53.57
2828	53.54
2829	53.51
2830	53.48
2831	53.46
2832	53.43
2833	53.4
2834	53.38
2835	53.35
2836	53.32
2837	53.3
2838	53.28
2839	53.25
2840	53.23
2841	53.21
2842	53.19
2843	53.17
2844	53.15
2845	53.15
2846	53.14
2847	53.13
2848	53.12
2849	53.1
2850	53.05
2851	53.01
2852	52.97
2853	52.93
2854	52.89
2855	52.85
2856	52.81
2857	52.77
2858	52.73
2859	52.69
2860	52.64
2861	52.6
2862	52.55
2863	52.51
2864	52.46
2865	52.42
2866	52.38
2867	52.34
2868	52.31
2869	52.28
2870	52.26
2871	52.24
2872	52.22
2873	52.21
2874	52.2
2875	52.2
2876	52.21
2877	52.22
2878	52.24
2879	52.26
2880	52.3
2881	52.34
2882	52.39
2883	52.44
2884	52.5
2885	52.57
2886	52.64
2887	52.72
2888	52.8
2889	52.87
2890	52.92
2891	52.96
2892	53.13
2893	53.3
2894	53.45
2895	53.67
2896	53.89
2897	54.1
2898	54.3
2899	54.49
2900	54.67
2901	54.84
2902	55.0
2903	55.15
2904	55.28
2905	55.39
2906	55.48
2907	55.56
2908	55.64
2909	55.7
2910	55.76
2911	55.82
2912	55.87
2913	55.93
2914	55.99
2915	56.06
2916	56.13
2917	56.21
2918	56.29
2919	56.38
2920	56.48
2921	56.6
2922	56.72
2923	56.84
2924	56.98
2925	57.13
2926	57.3
2927	57.48
2928	57.66
2929	57.86
2930	58.06
2931	58.27
2932	58.5
2933	58.75
2934	59.0
2935	59.26
2936	59.28
2937	59.28
2938	59.26
2939	59.14
2940	59.01
2941	59.12
2942	59.21
2943	59.17
2944	59.02
2945	58.81
2946	58.56
2947	58.28
2948	58.04
2949	57.81
2950	57.55
2951	57.25
2952	56.92
2953	56.59
2954	56.37
2955	56.18
2956	55.98
2957	55.77
2958	55.53
2959	55.26
2960	55.0
2961	54.75
2962	54.5
2963	54.26
2964	54.02
2965	53.78
2966	53.55
2967	53.43
2968	53.35
2969	53.27
2970	53.2
2971	53.13
2972	53.07
2973	53.01
2974	52.96
2975	52.91
2976	52.87
2977	52.83
2978	52.8
2979	52.77
2980	52.74
2981	52.72
2982	52.7
2983	52.68
2984	52.67
2985	52.65
2986	52.63
2987	52.61
2988	52.6
2989	52.58
2990	52.57
2991	52.57
2992	52.57
2993	52.57
2994	52.58
2995	52.59
2996	52.6
2997	52.62
2998	52.64
2999	52.67
3000	52.71
3001	52.76
3002	52.8
3003	52.85
3004	52.9
3005	52.94
3006	52.98
3007	53.0
3008	53.02
3009	53.03
3010	53.04
3011	53.03
3012	53.03
3013	53.01
3014	52.99
3015	52.97
3016	52.93
3017	52.89
3018	52.85
3019	52.8
3020	52.75
3021	52.69
3022	52.63
3023	52.56
3024	52.48
3025	52.41
3026	52.32
3027	52.24
3028	52.14
3029	52.04
3030	51.94
3031	51.83
3032	51.71
3033	51.59
3034	51.46
3035	51.33
3036	51.19
3037	51.04
3038	50.88
3039	50.71
3040	50.53
3041	50.36
3042	50.18
3043	50.01
3044	49.83
3045	49.65
3046	49.47
3047	49.29
3048	49.12
3049	48.94
3050	48.79
3051	48.63
3052	48.47
3053	48.32
3054	48.17
3055	48.02
3056	47.88
3057	47.74
3058	47.6
3059	47.46
3060	47.33
3061	47.21
3062	47.09
3063	46.97
3064	46.86
3065	46.76
3066	46.66
3067	46.57
3068	46.49
3069	46.41
3070	46.34
3071	46.28
3072	46.23
3073	46.18
3074	46.14
3075	46.1
3076	46.07
3077	46.04
3078	46.02
3079	46.01
3080	46.0
3081	45.99
3082	45.98
