depth	thinning
8	0.9955
9	0.9953
10	0.9951
11	0.9948
12	0.9946
13	0.9944
14	0.9942
15	0.9941
16	0.9938
17	0.9936
18	0.9933
19	0.9932
20	0.993
21	0.9927
22	0.9924
23	0.9923
24	0.992
25	0.9918
26	0.9915
27	0.9913
28	0.9911
29	0.991
30	0.9908
31	0.9906
32	0.9905
33	0.9903
34	0.9902
35	0.9901
36	0.9902
37	0.9901
38	0.9901
39	0.99
40	0.9899
41	0.9898
42	0.9898
43	0.9897
44	0.9897
45	0.9896
46	0.9895
47	0.9894
48	0.9892
49	0.989
50	0.9889
51	0.9887
52	0.9884
53	0.9882
54	0.988
55	0.9876
56	0.9873
57	0.987
58	0.9866
59	0.9862
60	0.9857
61	0.9854
62	0.985
63	0.9845
64	0.9841
65	0.9837
66	0.9833
67	0.9828
68	0.9825
69	0.982
70	0.9816
71	0.9813
72	0.9808
73	0.9805
74	0.9801
75	0.9796
76	0.9793
77	0.9789
78	0.9786
79	0.9782
80	0.9778
81	0.9776
82	0.9772
83	0.9769
84	0.9765
85	0.9763
86	0.976
87	0.9756
88	0.9753
89	0.9749
90	0.9744
91	0.974
92	0.9735
93	0.9731
94	0.9725
95	0.9719
96	0.9713
97	0.9707
98	0.97
99	0.9693
100	0.9686
101	0.968
102	0.9674
103	0.9669
104	0.9664
105	0.9658
106	0.9653
107	0.9649
108	0.9645
109	0.9641
110	0.9639
111	0.9636
112	0.9633
113	0.963
114	0.9627
115	0.9625
116	0.9622
117	0.962
118	0.9618
119	0.9616
120	0.9614
121	0.9611
122	0.9608
123	0.9605
124	0.9601
125	0.9598
126	0.9594
127	0.959
128	0.9586
129	0.9583
130	0.9578
131	0.9574
132	0.9569
133	0.9564
134	0.956
135	0.9555
136	0.9551
137	0.9547
138	0.9543
139	0.9538
140	0.9534
141	0.953
142	0.9526
143	0.9522
144	0.9518
145	0.9514
146	0.951
147	0.9506
148	0.9502
149	0.9497
150	0.9493
151	0.9489
152	0.9485
153	0.9481
154	0.9477
155	0.9473
156	0.947
157	0.9466
158	0.9463
159	0.9461
160	0.9458
161	0.9455
162	0.9452
163	0.9449
164	0.9445
165	0.9442
166	0.9438
167	0.9434
168	0.9429
169	0.9424
170	0.9418
171	0.9413
172	0.9407
173	0.9401
174	0.9395
175	0.9388
176	0.9383
177	0.9378
178	0.9373
179	0.9369
180	0.9365
181	0.9361
182	0.9358
183	0.9355
184	0.9352
185	0.9349
186	0.9347
187	0.9344
188	0.9341
189	0.9338
190	0.9334
191	0.933
192	0.9326
193	0.9323
194	0.9319
195	0.9315
196	0.9311
197	0.9307
198	0.9304
199	0.93
200	0.9297
201	0.9294
202	0.9291
203	0.9287
204	0.9284
205	0.9281
206	0.9277
207	0.9274
208	0.927
209	0.9266
210	0.9262
211	0.9258
212	0.9253
213	0.9248
214	0.9243
215	0.9238
216	0.9233
217	0.9227
218	0.9221
219	0.9214
220	0.9209
221	0.9203
222	0.9198
223	0.9194
224	0.919
225	0.9186
226	0.9183
227	0.918
228	0.9178
229	0.9177
230	0.9176
231	0.9174
232	0.9172
233	0.917
234	0.9167
235	0.9163
236	0.9159
237	0.9154
238	0.9148
239	0.9141
240	0.9134
241	0.9127
242	0.9121
243	0.9115
244	0.911
245	0.9106
246	0.9103
247	0.9101
248	0.9099
249	0.9098
250	0.9098
251	0.9098
252	0.9097
253	0.9096
254	0.9095
255	0.9092
256	0.9089
257	0.9086
258	0.9081
259	0.9076
260	0.907
261	0.9064
262	0.9058
263	0.9052
264	0.9046
265	0.9041
266	0.9036
267	0.9032
268	0.9028
269	0.9024
270	0.902
271	0.9017
272	0.9014
273	0.9012
274	0.9009
275	0.9006
276	0.9003
277	0.9
278	0.8997
279	0.8993
280	0.899
281	0.8986
282	0.8982
283	0.8978
284	0.8974
285	0.8969
286	0.8964
287	0.8958
288	0.8953
289	0.8947
290	0.8941
291	0.8935
292	0.8929
293	0.8924
294	0.8919
295	0.8914
296	0.8909
297	0.8905
298	0.8902
299	0.8899
300	0.8896
301	0.8893
302	0.889
303	0.8887
304	0.8884
305	0.888
306	0.8876
307	0.8872
308	0.8867
309	0.8862
310	0.8857
311	0.8851
312	0.8846
313	0.884
314	0.8835
315	0.883
316	0.8825
317	0.8821
318	0.8817
319	0.8813
320	0.8809
321	0.8805
322	0.8802
323	0.8798
324	0.8794
325	0.8791
326	0.8787
327	0.8783
328	0.8779
329	0.8776
330	0.8772
331	0.8768
332	0.8764
333	0.8761
334	0.8757
335	0.8754
336	0.8751
337	0.8748
338	0.8744
339	0.8741
340	0.8737
341	0.8734
342	0.8731
343	0.8727
344	0.8723
345	0.872
346	0.8716
347	0.8713
348	0.8709
349	0.8706
350	0.8703
351	0.87
352	0.8697
353	0.8694
354	0.8691
355	0.8688
356	0.8685
357	0.8681
358	0.8677
359	0.8673
360	0.8668
361	0.8663
362	0.8658
363	0.8652
364	0.8646
365	0.864
366	0.8634
367	0.8629
368	0.8623
369	0.8619
370	0.8614
371	0.861
372	0.8606
373	0.8603
374	0.86
375	0.8597
376	0.8594
377	0.8591
378	0.8588
379	0.8585
380	0.8581
381	0.8578
382	0.8575
383	0.8571
384	0.8568
385	0.8564
386	0.856
387	0.8557
388	0.8553
389	0.8549
390	0.8545
391	0.854
392	0.8536
393	0.8531
394	0.8526
395	0.8522
396	0.8517
397	0.8513
398	0.8509
399	0.8505
400	0.8502
401	0.8498
402	0.8495
403	0.8492
404	0.849
405	0.8487
406	0.8485
407	0.8481
408	0.8477
409	0.8473
410	0.8468
411	0.8462
412	0.8457
413	0.8451
414	0.8444
415	0.8438
416	0.8432
417	0.8427
418	0.8423
419	0.8419
420	0.8416
421	0.8414
422	0.8412
423	0.8411
424	0.8411
425	0.8411
426	0.8411
427	0.8409
428	0.8407
429	0.8403
430	0.8399
431	0.8394
432	0.8388
433	0.8382
434	0.8374
435	0.8367
436	0.836
437	0.8354
438	0.8347
439	0.8342
440	0.8336
441	0.8331
442	0.8327
443	0.8323
444	0.8319
445	0.8315
446	0.8312
447	0.8308
448	0.8304
449	0.8301
450	0.8297
451	0.8293
452	0.8289
453	0.8286
454	0.8282
455	0.8278
456	0.8274
457	0.827
458	0.8266
459	0.8261
460	0.8257
461	0.8252
462	0.8247
463	0.8241
464	0.8236
465	0.8231
466	0.8227
467	0.8223
468	0.8219
469	0.8216
470	0.8211
471	0.8208
472	0.8205
473	0.8203
474	0.8201
475	0.8198
476	0.8196
477	0.8193
478	0.819
479	0.8186
480	0.8183
481	0.8178
482	0.8174
483	0.8169
484	0.8164
485	0.8159
486	0.8155
487	0.815
488	0.8146
489	0.8143
490	0.8139
491	0.8136
492	0.8133
493	0.8131
494	0.8128
495	0.8126
496	0.8123
497	0.8121
498	0.8118
499	0.8115
500	0.8112
501	0.8108
502	0.8104
503	0.81
504	0.8096
505	0.8092
506	0.8088
507	0.8084
508	0.808
509	0.8075
510	0.8071
511	0.8067
512	0.8063
513	0.8058
514	0.8054
515	0.805
516	0.8045
517	0.8041
518	0.8036
519	0.8031
520	0.8026
521	0.8022
522	0.8017
523	0.8012
524	0.8008
525	0.8004
526	0.7999
527	0.7995
528	0.7991
529	0.7987
530	0.7982
531	0.7978
532	0.7974
533	0.797
534	0.7965
535	0.7961
536	0.7956
537	0.7952
538	0.7947
539	0.7942
540	0.7938
541	0.7933
542	0.7929
543	0.7925
544	0.7921
545	0.7917
546	0.7914
547	0.7911
548	0.7907
549	0.7905
550	0.7902
551	0.7899
552	0.7895
553	0.7892
554	0.7888
555	0.7885
556	0.7881
557	0.7877
558	0.7873
559	0.7868
560	0.7864
561	0.786
562	0.7856
563	0.7851
564	0.7847
565	0.7843
566	0.7839
567	0.7835
568	0.7831
569	0.7826
570	0.7822
571	0.7818
572	0.7814
573	0.781
574	0.7806
575	0.7802
576	0.7799
577	0.7795
578	0.7791
579	0.7787
580	0.7784
581	0.778
582	0.7776
583	0.7772
584	0.7769
585	0.7765
586	0.7761
587	0.7757
588	0.7753
589	0.7749
590	0.7745
591	0.7741
592	0.7736
593	0.7732
594	0.7728
595	0.7723
596	0.7719
597	0.7715
598	0.7711
599	0.7706
600	0.7702
601	0.7698
602	0.7693
603	0.7689
604	0.7685
605	0.768
606	0.7676
607	0.7671
608	0.7667
609	0.7663
610	0.7658
611	0.7654
612	0.765
613	0.7645
614	0.7641
615	0.7637
616	0.7633
617	0.7629
618	0.7625
619	0.7621
620	0.7617
621	0.7613
622	0.7609
623	0.7605
624	0.7601
625	0.7598
626	0.7594
627	0.759
628	0.7587
629	0.7583
630	0.7579
631	0.7575
632	0.7571
633	0.7567
634	0.7563
635	0.7559
636	0.7555
637	0.7551
638	0.7547
639	0.7543
640	0.7539
641	0.7535
642	0.7531
643	0.7527
644	0.7523
645	0.7519
646	0.7516
647	0.7512
648	0.7508
649	0.7504
650	0.75
651	0.7496
652	0.7493
653	0.7489
654	0.7485
655	0.7482
656	0.7478
657	0.7474
658	0.7471
659	0.7467
660	0.7463
661	0.7459
662	0.7456
663	0.7452
664	0.7448
665	0.7444
666	0.744
667	0.7436
668	0.7432
669	0.7428
670	0.7424
671	0.742
672	0.7416
673	0.7413
674	0.741
675	0.7407
676	0.7404
677	0.7402
678	0.7399
679	0.7396
680	0.7393
681	0.7389
682	0.7385
683	0.7381
684	0.7376
685	0.7371
686	0.7366
687	0.736
688	0.7355
689	0.735
690	0.7345
691	0.734
692	0.7335
693	0.733
694	0.7325
695	0.7321
696	0.7316
697	0.7311
698	0.7306
699	0.7302
700	0.7297
701	0.7292
702	0.7288
703	0.7283
704	0.7279
705	0.7274
706	0.727
707	0.7265
708	0.7261
709	0.7257
710	0.7252
711	0.7248
712	0.7244
713	0.724
714	0.7236
715	0.7232
716	0.7228
717	0.7224
718	0.7221
719	0.7217
720	0.7214
721	0.721
722	0.7207
723	0.7203
724	0.72
725	0.7197
726	0.7193
727	0.719
728	0.7187
729	0.7183
730	0.718
731	0.7177
732	0.7174
733	0.717
734	0.7166
735	0.7162
736	0.7158
737	0.7154
738	0.7149
739	0.7145
740	0.7141
741	0.7137
742	0.7133
743	0.7129
744	0.7125
745	0.7121
746	0.7117
747	0.7113
748	0.7109
749	0.7105
750	0.7101
751	0.7098
752	0.7094
753	0.709
754	0.7086
755	0.7082
756	0.7078
757	0.7074
758	0.7069
759	0.7065
760	0.7061
761	0.7057
762	0.7053
763	0.7049
764	0.7045
765	0.704
766	0.7036
767	0.7032
768	0.7028
769	0.7023
770	0.7019
771	0.7015
772	0.7011
773	0.7006
774	0.7002
775	0.6998
776	0.6993
777	0.6989
778	0.6984
779	0.698
780	0.6975
781	0.6971
782	0.6966
783	0.6962
784	0.6957
785	0.6953
786	0.6948
787	0.6944
788	0.6939
789	0.6935
790	0.6931
791	0.6927
792	0.6922
793	0.6918
794	0.6914
795	0.691
796	0.6906
797	0.6902
798	0.6899
799	0.6895
800	0.6891
801	0.6887
802	0.6884
803	0.688
804	0.6876
805	0.6872
806	0.6869
807	0.6865
808	0.6862
809	0.6858
810	0.6854
811	0.685
812	0.6846
813	0.6842
814	0.6838
815	0.6834
816	0.683
817	0.6827
818	0.6823
819	0.6819
820	0.6816
821	0.6812
822	0.6809
823	0.6805
824	0.6802
825	0.6798
826	0.6795
827	0.6791
828	0.6788
829	0.6784
830	0.678
831	0.6777
832	0.6773
833	0.6769
834	0.6765
835	0.6761
836	0.6757
837	0.6753
838	0.6749
839	0.6745
840	0.6741
841	0.6737
842	0.6733
843	0.6729
844	0.6724
845	0.672
846	0.6716
847	0.6712
848	0.6707
849	0.6703
850	0.6699
851	0.6695
852	0.6691
853	0.6687
854	0.6683
855	0.6679
856	0.6675
857	0.6671
858	0.6667
859	0.6663
860	0.6659
861	0.6655
862	0.6651
863	0.6647
864	0.6643
865	0.664
866	0.6636
867	0.6632
868	0.6628
869	0.6624
870	0.662
871	0.6617
872	0.6613
873	0.6609
874	0.6605
875	0.66
876	0.6596
877	0.6592
878	0.6588
879	0.6583
880	0.6579
881	0.6574
882	0.657
883	0.6566
884	0.6561
885	0.6557
886	0.6553
887	0.6548
888	0.6544
889	0.654
890	0.6536
891	0.6531
892	0.6527
893	0.6523
894	0.6519
895	0.6515
896	0.6511
897	0.6507
898	0.6503
899	0.65
900	0.6496
901	0.6492
902	0.6488
903	0.6485
904	0.6481
905	0.6478
906	0.6474
907	0.647
908	0.6467
909	0.6463
910	0.646
911	0.6456
912	0.6452
913	0.6449
914	0.6445
915	0.6441
916	0.6437
917	0.6433
918	0.6429
919	0.6425
920	0.6421
921	0.6417
922	0.6413
923	0.6408
924	0.6404
925	0.64
926	0.6396
927	0.6392
928	0.6388
929	0.6383
930	0.6379
931	0.6375
932	0.6371
933	0.6367
934	0.6363
935	0.6359
936	0.6355
937	0.6351
938	0.6347
939	0.6343
940	0.6338
941	0.6335
942	0.6331
943	0.6327
944	0.6323
945	0.6319
946	0.6316
947	0.6312
948	0.6309
949	0.6305
950	0.6301
951	0.6298
952	0.6294
953	0.629
954	0.6286
955	0.6283
956	0.6279
957	0.6275
958	0.6271
959	0.6266
960	0.6262
961	0.6258
962	0.6253
963	0.6249
964	0.6244
965	0.624
966	0.6236
967	0.6231
968	0.6227
969	0.6222
970	0.6218
971	0.6214
972	0.6209
973	0.6205
974	0.6201
975	0.6197
976	0.6193
977	0.6189
978	0.6185
979	0.6181
980	0.6177
981	0.6174
982	0.617
983	0.6166
984	0.6162
985	0.6158
986	0.6155
987	0.6151
988	0.6147
989	0.6143
990	0.6139
991	0.6136
992	0.6132
993	0.6128
994	0.6124
995	0.612
996	0.6116
997	0.6112
998	0.6109
999	0.6105
1000	0.6101
1001	0.6097
1002	0.6093
1003	0.6089
1004	0.6085
1005	0.6081
1006	0.6077
1007	0.6073
1008	0.6069
1009	0.6065
1010	0.6061
1011	0.6057
1012	0.6053
1013	0.6049
1014	0.6045
1015	0.6041
1016	0.6037
1017	0.6033
1018	0.6029
1019	0.6025
1020	0.6021
1021	0.6017
1022	0.6013
1023	0.6009
1024	0.6004
1025	0.6
1026	0.5996
1027	0.5992
1028	0.5988
1029	0.5983
1030	0.5979
1031	0.5975
1032	0.597
1033	0.5966
1034	0.5962
1035	0.5958
1036	0.5953
1037	0.5949
1038	0.5945
1039	0.594
1040	0.5936
1041	0.5932
1042	0.5928
1043	0.5924
1044	0.592
1045	0.5916
1046	0.5911
1047	0.5907
1048	0.5903
1049	0.5899
1050	0.5895
1051	0.5891
1052	0.5887
1053	0.5884
1054	0.588
1055	0.5876
1056	0.5872
1057	0.5868
1058	0.5864
1059	0.586
1060	0.5856
1061	0.5852
1062	0.5849
1063	0.5845
1064	0.5841
1065	0.5837
1066	0.5833
1067	0.5829
1068	0.5826
1069	0.5822
1070	0.5818
1071	0.5814
1072	0.581
1073	0.5807
1074	0.5803
1075	0.5799
1076	0.5795
1077	0.5792
1078	0.5788
1079	0.5784
1080	0.5781
1081	0.5777
1082	0.5774
1083	0.577
1084	0.5766
1085	0.5763
1086	0.5759
1087	0.5755
1088	0.5751
1089	0.5747
1090	0.5743
1091	0.5739
1092	0.5735
1093	0.5731
1094	0.5727
1095	0.5723
1096	0.5719
1097	0.5715
1098	0.5711
1099	0.5706
1100	0.5702
1101	0.5697
1102	0.5693
1103	0.5689
1104	0.5684
1105	0.568
1106	0.5675
1107	0.5671
1108	0.5666
1109	0.5662
1110	0.5657
1111	0.5653
1112	0.5649
1113	0.5644
1114	0.564
1115	0.5635
1116	0.5631
1117	0.5627
1118	0.5622
1119	0.5618
1120	0.5614
1121	0.5609
1122	0.5605
1123	0.5601
1124	0.5597
1125	0.5592
1126	0.5588
1127	0.5584
1128	0.558
1129	0.5576
1130	0.5572
1131	0.5568
1132	0.5564
1133	0.5561
1134	0.5557
1135	0.5553
1136	0.5549
1137	0.5545
1138	0.5541
1139	0.5537
1140	0.5534
1141	0.553
1142	0.5526
1143	0.5522
1144	0.5519
1145	0.5515
1146	0.5511
1147	0.5508
1148	0.5504
1149	0.55
1150	0.5496
1151	0.5493
1152	0.5489
1153	0.5485
1154	0.5481
1155	0.5477
1156	0.5474
1157	0.547
1158	0.5466
1159	0.5462
1160	0.5458
1161	0.5454
1162	0.545
1163	0.5447
1164	0.5443
1165	0.5439
1166	0.5435
1167	0.5431
1168	0.5427
1169	0.5423
1170	0.5419
1171	0.5416
1172	0.5412
1173	0.5408
1174	0.5404
1175	0.54
1176	0.5397
1177	0.5393
1178	0.5389
1179	0.5385
1180	0.5381
1181	0.5377
1182	0.5373
1183	0.5369
1184	0.5365
1185	0.5361
1186	0.5357
1187	0.5353
1188	0.5349
1189	0.5345
1190	0.534
1191	0.5336
1192	0.5332
1193	0.5328
1194	0.5323
1195	0.5319
1196	0.5315
1197	0.531
1198	0.5306
1199	0.5302
1200	0.5297
1201	0.5293
1202	0.5288
1203	0.5284
1204	0.528
1205	0.5276
1206	0.5271
1207	0.5267
1208	0.5263
1209	0.5259
1210	0.5255
1211	0.5251
1212	0.5247
1213	0.5243
1214	0.5239
1215	0.5235
1216	0.5231
1217	0.5228
1218	0.5224
1219	0.522
1220	0.5216
1221	0.5213
1222	0.5209
1223	0.5206
1224	0.5202
1225	0.5198
1226	0.5195
1227	0.5191
1228	0.5187
1229	0.5184
1230	0.518
1231	0.5176
1232	0.5172
1233	0.5169
1234	0.5165
1235	0.5161
1236	0.5157
1237	0.5153
1238	0.515
1239	0.5146
1240	0.5142
1241	0.5138
1242	0.5134
1243	0.5131
1244	0.5127
1245	0.5123
1246	0.5119
1247	0.5115
1248	0.5111
1249	0.5107
1250	0.5103
1251	0.5099
1252	0.5095
1253	0.5091
1254	0.5087
1255	0.5083
1256	0.5079
1257	0.5075
1258	0.5071
1259	0.5067
1260	0.5063
1261	0.5059
1262	0.5054
1263	0.505
1264	0.5046
1265	0.5042
1266	0.5037
1267	0.5033
1268	0.5029
1269	0.5024
1270	0.502
1271	0.5015
1272	0.5011
1273	0.5006
1274	0.5002
1275	0.4997
1276	0.4993
1277	0.4988
1278	0.4983
1279	0.4979
1280	0.4974
1281	0.497
1282	0.4965
1283	0.4961
1284	0.4956
1285	0.4952
1286	0.4948
1287	0.4943
1288	0.4939
1289	0.4935
1290	0.493
1291	0.4926
1292	0.4922
1293	0.4918
1294	0.4914
1295	0.491
1296	0.4906
1297	0.4902
1298	0.4898
1299	0.4894
1300	0.489
1301	0.4886
1302	0.4883
1303	0.4879
1304	0.4875
1305	0.4872
1306	0.4869
1307	0.4865
1308	0.4862
1309	0.4859
1310	0.4855
1311	0.4852
1312	0.4849
1313	0.4846
1314	0.4842
1315	0.4839
1316	0.4836
1317	0.4832
1318	0.4829
1319	0.4826
1320	0.4822
1321	0.4819
1322	0.4816
1323	0.4812
1324	0.4809
1325	0.4805
1326	0.4802
1327	0.4798
1328	0.4795
1329	0.4791
1330	0.4788
1331	0.4785
1332	0.4781
1333	0.4777
1334	0.4774
1335	0.477
1336	0.4767
1337	0.4763
1338	0.4759
1339	0.4756
1340	0.4752
1341	0.4748
1342	0.4744
1343	0.474
1344	0.4736
1345	0.4732
1346	0.4728
1347	0.4724
1348	0.4719
1349	0.4715
1350	0.4711
1351	0.4706
1352	0.4702
1353	0.4697
1354	0.4692
1355	0.4687
1356	0.4682
1357	0.4677
1358	0.4672
1359	0.4667
1360	0.4661
1361	0.4656
1362	0.4651
1363	0.4645
1364	0.4639
1365	0.4634
1366	0.4628
1367	0.4622
1368	0.4617
1369	0.4611
1370	0.4606
1371	0.46
1372	0.4595
1373	0.459
1374	0.4585
1375	0.4581
1376	0.4576
1377	0.4572
1378	0.4568
1379	0.4564
1380	0.456
1381	0.4556
1382	0.4552
1383	0.4549
1384	0.4545
1385	0.4541
1386	0.4538
1387	0.4534
1388	0.4531
1389	0.4527
1390	0.4524
1391	0.452
1392	0.4517
1393	0.4514
1394	0.451
1395	0.4507
1396	0.4504
1397	0.45
1398	0.4497
1399	0.4494
1400	0.449
1401	0.4487
1402	0.4484
1403	0.4481
1404	0.4478
1405	0.4474
1406	0.4471
1407	0.4468
1408	0.4465
1409	0.4461
1410	0.4458
1411	0.4455
1412	0.4451
1413	0.4449
1414	0.4445
1415	0.4442
1416	0.4439
1417	0.4435
1418	0.4432
1419	0.4428
1420	0.4424
1421	0.4421
1422	0.4417
1423	0.4414
1424	0.441
1425	0.4407
1426	0.4403
1427	0.44
1428	0.4396
1429	0.4392
1430	0.4389
1431	0.4385
1432	0.4382
1433	0.4378
1434	0.4374
1435	0.437
1436	0.4366
1437	0.4362
1438	0.4358
1439	0.4354
1440	0.435
1441	0.4346
1442	0.4342
1443	0.4338
1444	0.4334
1445	0.4329
1446	0.4325
1447	0.4321
1448	0.4317
1449	0.4313
1450	0.4308
1451	0.4304
1452	0.43
1453	0.4296
1454	0.4291
1455	0.4288
1456	0.4283
1457	0.4279
1458	0.4274
1459	0.427
1460	0.4265
1461	0.426
1462	0.4256
1463	0.4251
1464	0.4246
1465	0.4242
1466	0.4237
1467	0.4233
1468	0.4228
1469	0.4224
1470	0.422
1471	0.4215
1472	0.4211
1473	0.4207
1474	0.4203
1475	0.4199
1476	0.4195
1477	0.4192
1478	0.4188
1479	0.4184
1480	0.4181
1481	0.4177
1482	0.4173
1483	0.417
1484	0.4166
1485	0.4161
1486	0.4157
1487	0.4153
1488	0.4149
1489	0.4145
1490	0.414
1491	0.4136
1492	0.4131
1493	0.4127
1494	0.4122
1495	0.4118
1496	0.4114
1497	0.411
1498	0.4106
1499	0.4101
1500	0.4096
1501	0.4092
1502	0.4087
1503	0.4084
1504	0.4079
1505	0.4074
1506	0.407
1507	0.4065
1508	0.406
1509	0.4057
1510	0.4052
1511	0.4047
1512	0.4043
1513	0.4038
1514	0.4033
1515	0.4029
1516	0.4025
1517	0.402
1518	0.4015
1519	0.4011
1520	0.4007
1521	0.4003
1522	0.3998
1523	0.3994
1524	0.3989
1525	0.3985
1526	0.398
1527	0.3977
1528	0.3972
1529	0.3967
1530	0.3962
1531	0.3958
1532	0.3953
1533	0.3948
1534	0.3943
1535	0.3939
1536	0.3935
1537	0.393
1538	0.3925
1539	0.392
1540	0.3916
1541	0.3912
1542	0.3908
1543	0.3904
1544	0.3901
1545	0.3898
1546	0.3895
1547	0.3891
1548	0.3888
1549	0.3885
1550	0.3881
1551	0.3878
1552	0.3874
1553	0.3871
1554	0.3868
1555	0.3865
1556	0.3862
1557	0.3859
1558	0.3855
1559	0.3852
1560	0.3848
1561	0.3845
1562	0.3842
1563	0.3838
1564	0.3836
1565	0.3832
1566	0.3829
1567	0.3825
1568	0.3822
1569	0.3819
1570	0.3815
1571	0.3812
1572	0.3809
1573	0.3806
1574	0.3803
1575	0.38
1576	0.3796
1577	0.3793
1578	0.379
1579	0.3787
1580	0.3784
1581	0.3781
1582	0.3777
1583	0.3774
1584	0.377
1585	0.3767
1586	0.3765
1587	0.3761
1588	0.3758
1589	0.3755
1590	0.3751
1591	0.3748
1592	0.3744
1593	0.3741
1594	0.3739
1595	0.3735
1596	0.3732
1597	0.3728
1598	0.3725
1599	0.3721
1600	0.3718
1601	0.3715
1602	0.3711
1603	0.3707
1604	0.3704
1605	0.37
1606	0.3697
1607	0.3693
1608	0.3689
1609	0.3686
1610	0.3682
1611	0.3678
1612	0.3676
1613	0.3672
1614	0.3668
1615	0.3665
1616	0.3661
1617	0.3658
1618	0.3655
1619	0.3652
1620	0.3648
1621	0.3644
1622	0.3641
1623	0.3638
1624	0.3635
1625	0.3631
1626	0.3628
1627	0.3625
1628	0.3622
1629	0.3617
1630	0.3614
1631	0.361
1632	0.3606
1633	0.3603
1634	0.3599
1635	0.3595
1636	0.3591
1637	0.3588
1638	0.3584
1639	0.3581
1640	0.3576
1641	0.3573
1642	0.3569
1643	0.3566
1644	0.3562
1645	0.3557
1646	0.3554
1647	0.355
1648	0.3547
1649	0.3542
1650	0.3539
1651	0.3535
1652	0.3532
1653	0.3527
1654	0.3523
1655	0.352
1656	0.3516
1657	0.3512
1658	0.3508
1659	0.3504
1660	0.3501
1661	0.3497
1662	0.3493
1663	0.3489
1664	0.3486
1665	0.3482
1666	0.3478
1667	0.3475
1668	0.347
1669	0.3467
1670	0.3463
1671	0.3459
1672	0.3455
1673	0.3452
1674	0.3448
1675	0.3445
1676	0.3441
1677	0.3438
1678	0.3434
1679	0.3431
1680	0.3427
1681	0.3424
1682	0.342
1683	0.3417
1684	0.3414
1685	0.341
1686	0.3407
1687	0.3403
1688	0.34
1689	0.3396
1690	0.3393
1691	0.339
1692	0.3386
1693	0.3383
1694	0.3379
1695	0.3376
1696	0.3372
1697	0.3369
1698	0.3366
1699	0.3362
1700	0.3359
1701	0.3355
1702	0.3352
1703	0.3349
1704	0.3346
1705	0.3343
1706	0.3339
1707	0.3336
1708	0.3332
1709	0.3329
1710	0.3326
1711	0.3322
1712	0.3319
1713	0.3316
1714	0.3312
1715	0.3309
1716	0.3307
1717	0.3303
1718	0.33
1719	0.3296
1720	0.3293
1721	0.329
1722	0.3286
1723	0.3283
1724	0.3279
1725	0.3276
1726	0.3273
1727	0.327
1728	0.3266
1729	0.3263
1730	0.3261
1731	0.3257
1732	0.3254
1733	0.3251
1734	0.3247
1735	0.3244
1736	0.3241
1737	0.3238
1738	0.3235
1739	0.3231
1740	0.3228
1741	0.3225
1742	0.3221
1743	0.3218
1744	0.3215
1745	0.3212
1746	0.3208
1747	0.3205
1748	0.3202
1749	0.3198
1750	0.3195
1751	0.3192
1752	0.3188
1753	0.3185
1754	0.3182
1755	0.3179
1756	0.3175
1757	0.3172
1758	0.3169
1759	0.3166
1760	0.3163
1761	0.3159
1762	0.3156
1763	0.3153
1764	0.315
1765	0.3147
1766	0.3144
1767	0.314
1768	0.3137
1769	0.3134
1770	0.3131
1771	0.3127
1772	0.3124
1773	0.3121
1774	0.3118
1775	0.3114
1776	0.311
1777	0.3107
1778	0.3104
1779	0.3101
1780	0.3098
1781	0.3095
1782	0.3091
1783	0.3088
1784	0.3085
1785	0.3082
1786	0.3078
1787	0.3074
1788	0.3071
1789	0.3068
1790	0.3065
1791	0.3062
1792	0.3058
1793	0.3054
1794	0.3051
1795	0.3048
1796	0.3045
1797	0.3041
1798	0.3039
1799	0.3036
1800	0.3033
1801	0.303
1802	0.3027
1803	0.3024
1804	0.3021
1805	0.3018
1806	0.3014
1807	0.3012
1808	0.3008
1809	0.3005
1810	0.3002
1811	0.2999
1812	0.2996
1813	0.2993
1814	0.2991
1815	0.2988
1816	0.2985
1817	0.2982
1818	0.2979
1819	0.2976
1820	0.2973
1821	0.297
1822	0.2967
1823	0.2964
1824	0.2961
1825	0.2958
1826	0.2955
1827	0.2952
1828	0.2949
1829	0.2946
1830	0.2943
1831	0.2939
1832	0.2938
1833	0.2935
1834	0.2932
1835	0.2929
1836	0.2926
1837	0.2924
1838	0.2921
1839	0.2918
1840	0.2915
1841	0.2912
1842	0.291
1843	0.2907
1844	0.2904
1845	0.2902
1846	0.29
1847	0.2897
1848	0.2894
1849	0.2892
1850	0.2889
1851	0.2886
1852	0.2884
1853	0.2881
1854	0.2878
1855	0.2875
1856	0.2874
1857	0.287
1858	0.2868
1859	0.2866
1860	0.2863
1861	0.286
1862	0.2858
1863	0.2855
1864	0.2852
1865	0.2849
1866	0.2847
1867	0.2844
1868	0.284
1869	0.2837
1870	0.2834
1871	0.2831
1872	0.283
1873	0.2827
1874	0.2824
1875	0.2821
1876	0.2819
1877	0.2816
1878	0.2813
1879	0.281
1880	0.2807
1881	0.2806
1882	0.2803
1883	0.2801
1884	0.2798
1885	0.2796
1886	0.2793
1887	0.279
1888	0.2788
1889	0.2785
1890	0.2783
1891	0.278
1892	0.2777
1893	0.2774
1894	0.2772
1895	0.2769
1896	0.2766
1897	0.2763
1898	0.2761
1899	0.2757
1900	0.2754
1901	0.2752
1902	0.2748
1903	0.2744
1904	0.2742
1905	0.2739
1906	0.2735
1907	0.2733
1908	0.273
1909	0.2727
1910	0.2725
1911	0.2722
1912	0.2719
1913	0.2717
1914	0.2714
1915	0.2711
1916	0.2709
1917	0.2706
1918	0.2703
1919	0.27
1920	0.2697
1921	0.2693
1922	0.2691
1923	0.2688
1924	0.2685
1925	0.2683
1926	0.2681
1927	0.2678
1928	0.2674
1929	0.2672
1930	0.2669
1931	0.2666
1932	0.2665
1933	0.2662
1934	0.266
1935	0.2657
1936	0.2655
1937	0.2652
1938	0.2649
1939	0.2647
1940	0.2644
1941	0.2641
1942	0.2638
1943	0.2635
1944	0.2632
1945	0.2628
1946	0.2626
1947	0.2623
1948	0.262
1949	0.2616
1950	0.2613
1951	0.261
1952	0.2606
1953	0.2603
1954	0.2601
1955	0.2598
1956	0.2595
1957	0.2593
1958	0.2589
1959	0.2587
1960	0.2583
1961	0.258
1962	0.2578
1963	0.2574
1964	0.2571
1965	0.2569
1966	0.2566
1967	0.2563
1968	0.256
1969	0.2557
1970	0.2553
1971	0.255
1972	0.2547
1973	0.2544
1974	0.2542
1975	0.2539
1976	0.2537
1977	0.2534
1978	0.2532
1979	0.2529
1980	0.2526
1981	0.2524
1982	0.2521
1983	0.2518
1984	0.2515
1985	0.2513
1986	0.251
1987	0.2507
1988	0.2504
1989	0.2501
1990	0.2499
1991	0.2496
1992	0.2493
1993	0.2491
1994	0.2488
1995	0.2486
1996	0.2483
1997	0.248
1998	0.2477
1999	0.2474
2000	0.2472
2001	0.2469
2002	0.2466
2003	0.2463
2004	0.246
2005	0.2457
2006	0.2455
2007	0.2452
2008	0.2449
2009	0.2447
2010	0.2444
2011	0.2442
2012	0.2439
2013	0.2436
2014	0.2434
2015	0.2431
2016	0.2429
2017	0.2427
2018	0.2425
2019	0.2422
2020	0.242
2021	0.2418
2022	0.2415
2023	0.2414
2024	0.2411
2025	0.2409
2026	0.2406
2027	0.2403
2028	0.2401
2029	0.2398
2030	0.2395
2031	0.2393
2032	0.239
2033	0.2387
2034	0.2385
2035	0.2382
2036	0.2379
2037	0.2377
2038	0.2374
2039	0.2371
2040	0.2368
2041	0.2366
2042	0.2363
2043	0.2361
2044	0.2359
2045	0.2356
2046	0.2354
2047	0.2351
2048	0.2349
2049	0.2347
2050	0.2344
2051	0.2342
2052	0.2339
2053	0.2337
2054	0.2334
2055	0.2332
2056	0.2329
2057	0.2327
2058	0.2324
2059	0.2322
2060	0.2319
2061	0.2316
2062	0.2315
2063	0.2312
2064	0.231
2065	0.2309
2066	0.2306
2067	0.2304
2068	0.2302
2069	0.2301
2070	0.2298
2071	0.2296
2072	0.2295
2073	0.2293
2074	0.2292
2075	0.229
2076	0.2289
2077	0.2288
2078	0.2287
2079	0.2287
2080	0.2285
2081	0.2285
2082	0.2283
2083	0.2283
2084	0.2283
2085	0.2282
2086	0.2282
2087	0.2282
2088	0.2282
2089	0.2282
2090	0.2281
2091	0.2281
2092	0.228
2093	0.2279
2094	0.2278
2095	0.2277
2096	0.2276
2097	0.2277
2098	0.2277
2099	0.2276
2100	0.2277
2101	0.2277
2102	0.2276
2103	0.2276
2104	0.2275
2105	0.2275
2106	0.2275
2107	0.2276
2108	0.2277
2109	0.2277
2110	0.2279
2111	0.2281
2112	0.2281
2113	0.2281
2114	0.2281
2115	0.2281
2116	0.2281
2117	0.2282
2118	0.2282
2119	0.2283
2120	0.2283
2121	0.2284
2122	0.2284
2123	0.2284
2124	0.2282
2125	0.228
2126	0.2278
2127	0.2277
2128	0.2277
2129	0.2274
2130	0.2275
2131	0.2276
2132	0.2277
2133	0.228
2134	0.2283
2135	0.2284
2136	0.2283
2137	0.2283
2138	0.2281
2139	0.2281
2140	0.2281
2141	0.2278
2142	0.2276
2143	0.2272
2144	0.2268
2145	0.2264
2146	0.2263
2147	0.2262
2148	0.2262
2149	0.2263
2150	0.2262
2151	0.2261
2152	0.2259
2153	0.2258
2154	0.2257
2155	0.2256
2156	0.2253
2157	0.2247
2158	0.2241
2159	0.2236
2160	0.2231
2161	0.2226
2162	0.222
2163	0.2214
2164	0.2209
2165	0.2205
2166	0.2202
2167	0.22
2168	0.2197
2169	0.2195
2170	0.2191
2171	0.2189
2172	0.2184
2173	0.2181
2174	0.2178
2175	0.2173
2176	0.217
2177	0.2167
2178	0.2162
2179	0.2159
2180	0.2155
2181	0.2151
2182	0.2146
2183	0.2143
2184	0.2141
2185	0.2138
2186	0.2136
2187	0.2134
2188	0.2132
2189	0.2132
2190	0.213
2191	0.2127
2192	0.2123
2193	0.212
2194	0.2117
2195	0.2113
2196	0.2111
2197	0.2108
2198	0.2105
2199	0.2103
2200	0.2101
2201	0.2099
2202	0.2098
2203	0.2097
2204	0.2094
2205	0.2094
2206	0.2093
2207	0.2091
2208	0.2092
2209	0.2092
2210	0.2092
2211	0.2092
2212	0.2093
2213	0.2093
2214	0.2094
2215	0.2095
2216	0.2095
2217	0.2097
2218	0.2095
2219	0.209
2220	0.2087
2221	0.2083
2222	0.2079
2223	0.2077
2224	0.2074
2225	0.2071
2226	0.2069
2227	0.2067
2228	0.2065
2229	0.2062
2230	0.2057
2231	0.2052
2232	0.2048
2233	0.2043
2234	0.2037
2235	0.2033
2236	0.2027
2237	0.2022
2238	0.2018
2239	0.2013
2240	0.201
2241	0.2006
2242	0.2001
2243	0.1997
2244	0.1993
2245	0.1989
2246	0.1985
2247	0.1981
2248	0.1977
2249	0.1972
2250	0.1969
2251	0.1966
2252	0.1963
2253	0.196
2254	0.1957
2255	0.1953
2256	0.1948
2257	0.1943
2258	0.1938
2259	0.1934
2260	0.193
2261	0.1926
2262	0.1921
2263	0.1916
2264	0.1912
2265	0.1907
2266	0.1902
2267	0.1897
2268	0.1892
2269	0.1886
2270	0.1881
2271	0.1875
2272	0.1869
2273	0.1864
2274	0.1859
2275	0.1853
2276	0.1848
2277	0.1843
2278	0.1839
2279	0.1835
2280	0.1831
2281	0.1827
2282	0.1824
2283	0.1819
2284	0.1815
2285	0.1812
2286	0.1809
2287	0.1806
2288	0.1804
2289	0.1801
2290	0.1798
2291	0.1796
2292	0.1793
2293	0.1791
2294	0.1789
2295	0.1787
2296	0.1786
2297	0.1784
2298	0.1783
2299	0.1782
2300	0.1781
2301	0.1779
2302	0.1778
2303	0.1777
2304	0.1776
2305	0.1776
2306	0.1776
2307	0.1775
2308	0.1775
2309	0.1773
2310	0.1773
2311	0.1772
2312	0.1772
2313	0.1771
2314	0.177
2315	0.1769
2316	0.1769
2317	0.1768
2318	0.1768
2319	0.1768
2320	0.1767
2321	0.1767
2322	0.1767
2323	0.1767
2324	0.1767
2325	0.1767
2326	0.1767
2327	0.1767
2328	0.1767
2329	0.1767
2330	0.1765
2331	0.1765
2332	0.1766
2333	0.1766
2334	0.1766
2335	0.1766
2336	0.1767
2337	0.1767
2338	0.1768
2339	0.1768
2340	0.1769
2341	0.177
2342	0.1771
2343	0.1772
2344	0.1773
2345	0.1771
2346	0.1769
2347	0.1768
2348	0.177
2349	0.177
2350	0.1769
2351	0.1766
2352	0.1764
2353	0.1762
2354	0.1759
2355	0.1755
2356	0.1752
2357	0.1751
2358	0.1752
2359	0.1748
2360	0.1743
2361	0.1742
2362	0.1741
2363	0.174
2364	0.1738
2365	0.1734
2366	0.1731
2367	0.1727
2368	0.1724
2369	0.172
2370	0.1716
2371	0.1712
2372	0.1709
2373	0.1706
2374	0.1702
2375	0.1699
2376	0.1696
2377	0.1693
2378	0.169
2379	0.1687
2380	0.1685
2381	0.1682
2382	0.1679
2383	0.1676
2384	0.1673
2385	0.167
2386	0.1667
2387	0.1665
2388	0.1663
2389	0.166
2390	0.1657
2391	0.1654
2392	0.1651
2393	0.1648
2394	0.1646
2395	0.1643
2396	0.1641
2397	0.1638
2398	0.1636
2399	0.1633
2400	0.1631
2401	0.1629
2402	0.1627
2403	0.1624
2404	0.1621
2405	0.162
2406	0.1619
2407	0.1617
2408	0.1616
2409	0.1614
2410	0.1613
2411	0.1612
2412	0.1611
2413	0.1611
2414	0.161
2415	0.1609
2416	0.1608
2417	0.1608
2418	0.1606
2419	0.1604
2420	0.16
2421	0.1597
2422	0.1594
2423	0.1592
2424	0.1589
2425	0.1586
2426	0.1581
2427	0.1578
2428	0.1574
2429	0.1571
2430	0.1569
2431	0.1567
2432	0.1564
2433	0.1561
2434	0.156
2435	0.1557
2436	0.1554
2437	0.1551
2438	0.1548
2439	0.1545
2440	0.1542
2441	0.1538
2442	0.1536
2443	0.1532
2444	0.153
2445	0.1527
2446	0.1525
2447	0.1522
2448	0.1519
2449	0.1517
2450	0.1514
2451	0.151
2452	0.1508
2453	0.1505
2454	0.1503
2455	0.15
2456	0.1498
2457	0.1494
2458	0.1493
2459	0.149
2460	0.1487
2461	0.1485
2462	0.1482
2463	0.148
2464	0.1477
2465	0.1474
2466	0.1471
2467	0.1468
2468	0.1465
2469	0.1463
2470	0.146
2471	0.1458
2472	0.1454
2473	0.1452
2474	0.1449
2475	0.1447
2476	0.1444
2477	0.1441
2478	0.1438
2479	0.1437
2480	0.1436
2481	0.1434
2482	0.1432
2483	0.143
2484	0.1429
2485	0.1427
2486	0.1425
2487	0.1423
2488	0.1422
2489	0.142
2490	0.1419
2491	0.1417
2492	0.1416
2493	0.1414
2494	0.1413
2495	0.1412
2496	0.141
2497	0.1409
2498	0.1407
2499	0.1405
2500	0.1403
2501	0.1402
2502	0.1401
2503	0.1399
2504	0.1398
2505	0.1396
2506	0.1395
2507	0.1393
2508	0.139
2509	0.1389
2510	0.1387
2511	0.1386
2512	0.1384
2513	0.1382
2514	0.138
2515	0.1379
2516	0.1377
2517	0.1376
2518	0.1374
2519	0.1372
2520	0.1371
2521	0.1369
2522	0.1367
2523	0.1366
2524	0.1365
2525	0.1363
2526	0.1362
2527	0.1361
2528	0.136
2529	0.1358
2530	0.1357
2531	0.1356
2532	0.1354
2533	0.1353
2534	0.1352
2535	0.1351
2536	0.1349
2537	0.1348
2538	0.1348
2539	0.1347
2540	0.1346
2541	0.1345
2542	0.1344
2543	0.1343
2544	0.1343
2545	0.1342
2546	0.1341
2547	0.134
2548	0.1339
2549	0.1337
2550	0.1335
2551	0.1334
2552	0.1332
2553	0.1332
2554	0.133
2555	0.1328
2556	0.1328
2557	0.1326
2558	0.1325
2559	0.1323
2560	0.1322
2561	0.1321
2562	0.1319
2563	0.1317
2564	0.1317
2565	0.1315
2566	0.1313
2567	0.1312
2568	0.131
2569	0.131
2570	0.1308
2571	0.1306
2572	0.1306
2573	0.1304
2574	0.1302
2575	0.1302
2576	0.13
2577	0.1298
2578	0.1297
2579	0.1294
2580	0.1293
2581	0.129
2582	0.1288
2583	0.1286
2584	0.1284
2585	0.1282
2586	0.1279
2587	0.1278
2588	0.1276
2589	0.1274
2590	0.1272
2591	0.1269
2592	0.1268
2593	0.1265
2594	0.1264
2595	0.1261
2596	0.1259
2597	0.1257
2598	0.1255
2599	0.1253
2600	0.1251
2601	0.1249
2602	0.1247
2603	0.1245
2604	0.1243
2605	0.1241
2606	0.1239
2607	0.1237
2608	0.1235
2609	0.1233
2610	0.1231
2611	0.123
2612	0.1227
2613	0.1226
2614	0.1223
2615	0.1222
2616	0.122
2617	0.1218
2618	0.1216
2619	0.1214
2620	0.1212
2621	0.1211
2622	0.1208
2623	0.1207
2624	0.1205
2625	0.1204
2626	0.1202
2627	0.1201
2628	0.1199
2629	0.1198
2630	0.1196
2631	0.1195
2632	0.1193
2633	0.1192
2634	0.1191
2635	0.119
2636	0.1188
2637	0.1187
2638	0.1185
2639	0.1185
2640	0.1183
2641	0.1182
2642	0.1181
2643	0.118
2644	0.1179
2645	0.1178
2646	0.1177
2647	0.1176
2648	0.1175
2649	0.1174
2650	0.1172
2651	0.1172
2652	0.117
2653	0.1169
2654	0.1169
2655	0.1167
2656	0.1166
2657	0.1164
2658	0.1164
2659	0.1162
2660	0.1162
2661	0.116
2662	0.1159
2663	0.1158
2664	0.1157
2665	0.1155
2666	0.1155
2667	0.1154
2668	0.1152
2669	0.1152
2670	0.115
2671	0.1149
2672	0.1147
2673	0.1146
2674	0.1146
2675	0.1144
2676	0.1143
2677	0.1142
2678	0.1141
2679	0.1139
2680	0.1139
2681	0.1138
2682	0.1136
2683	0.1136
2684	0.1134
2685	0.1132
2686	0.1129
2687	0.1127
2688	0.1125
2689	0.1123
2690	0.1121
2691	0.1119
2692	0.1116
2693	0.1115
2694	0.1113
2695	0.1111
2696	0.1108
2697	0.1107
2698	0.1105
2699	0.1102
2700	0.1101
2701	0.1099
2702	0.1098
2703	0.1095
2704	0.1094
2705	0.1093
2706	0.1092
2707	0.109
2708	0.1088
2709	0.1087
2710	0.1086
2711	0.1085
2712	0.1084
2713	0.1082
2714	0.1081
2715	0.108
2716	0.1079
2717	0.1079
2718	0.1077
2719	0.1076
2720	0.1075
2721	0.1074
2722	0.1073
2723	0.1072
2724	0.1072
2725	0.107
2726	0.107
2727	0.1069
2728	0.1069
2729	0.1068
2730	0.1067
2731	0.1067
2732	0.1066
2733	0.1065
2734	0.1064
2735	0.1064
2736	0.1063
2737	0.1062
2738	0.1062
2739	0.106
2740	0.106
2741	0.106
2742	0.1058
2743	0.1058
2744	0.1057
2745	0.1057
2746	0.1056
2747	0.1056
2748	0.1056
2749	0.1056
2750	0.1055
2751	0.1055
2752	0.1055
2753	0.1055
2754	0.1054
2755	0.1053
2756	0.1053
2757	0.1053
2758	0.1051
2759	0.1051
2760	0.1051
2761	0.105
2762	0.1049
2763	0.1049
2764	0.1049
2765	0.1048
2766	0.1047
2767	0.1046
2768	0.1046
2769	0.1045
2770	0.1044
2771	0.1043
2772	0.1043
2773	0.1042
2774	0.104
2775	0.1039
2776	0.1039
2777	0.1038
2778	0.1036
2779	0.1035
2780	0.1034
2781	0.1034
2782	0.1033
2783	0.1032
2784	0.1031
2785	0.103
2786	0.1028
2787	0.1026
2788	0.1025
2789	0.1025
2790	0.1024
2791	0.1023
2792	0.1021
2793	0.102
2794	0.102
2795	0.1019
2796	0.1017
2797	0.1016
2798	0.1015
2799	0.1014
2800	0.1012
2801	0.1011
2802	0.101
2803	0.1009
2804	0.1008
2805	0.1006
2806	0.1005
2807	0.1004
2808	0.1003
2809	0.1001
2810	0.1
2811	0.0999
2812	0.0998
2813	0.0996
2814	0.0995
2815	0.0994
2816	0.0993
2817	0.0992
2818	0.099
2819	0.0989
2820	0.0988
2821	0.0987
2822	0.0985
2823	0.0984
2824	0.0983
2825	0.0982
2826	0.0981
2827	0.0979
2828	0.0978
2829	0.0977
2830	0.0976
2831	0.0975
2832	0.0973
2833	0.0972
2834	0.0971
2835	0.0971
2836	0.097
2837	0.0968
2838	0.0967
2839	0.0966
2840	0.0965
2841	0.0964
2842	0.0962
2843	0.0961
2844	0.096
2845	0.0959
2846	0.0958
2847	0.0956
2848	0.0955
2849	0.0954
2850	0.0953
2851	0.0951
2852	0.0948
2853	0.0947
2854	0.0946
2855	0.0945
2856	0.0944
2857	0.0942
2858	0.094
2859	0.0939
2860	0.0938
2861	0.0937
2862	0.0936
2863	0.0933
2864	0.0931
2865	0.093
2866	0.0928
2867	0.0926
2868	0.0924
2869	0.0922
2870	0.0921
2871	0.092
2872	0.0918
2873	0.0916
2874	0.0913
2875	0.0911
2876	0.091
2877	0.091
2878	0.0909
2879	0.0909
2880	0.0907
2881	0.0906
2882	0.0906
2883	0.0905
2884	0.0905
2885	0.0904
2886	0.0903
2887	0.0903
2888	0.0902
2889	0.0902
2890	0.0901
2891	0.0899
2892	0.0897
2893	0.0895
2894	0.0894
2895	0.0893
2896	0.0894
2897	0.0894
2898	0.0894
2899	0.0894
2900	0.0894
2901	0.0894
2902	0.0894
2903	0.0894
2904	0.0894
2905	0.0895
2906	0.0895
2907	0.0895
2908	0.0895
2909	0.0896
2910	0.0895
2911	0.0896
2912	0.0897
2913	0.0897
2914	0.0898
2915	0.0899
2916	0.09
2917	0.0901
2918	0.0902
2919	0.0902
2920	0.0903
2921	0.0903
2922	0.0903
2923	0.0904
2924	0.0905
2925	0.0907
2926	0.0908
2927	0.0909
2928	0.091
2929	0.0911
2930	0.0913
2931	0.0914
2932	0.0915
2933	0.0917
2934	0.0918
2935	0.0919
2936	0.0918
2937	0.0914
2938	0.091
2939	0.0907
2940	0.0906
2941	0.0903
2942	0.09
2943	0.0897
2944	0.0893
2945	0.089
2946	0.0887
2947	0.0883
2948	0.088
2949	0.0877
2950	0.0874
2951	0.0872
2952	0.0868
2953	0.0865
2954	0.0862
2955	0.0859
2956	0.0855
2957	0.0852
2958	0.0848
2959	0.0844
2960	0.084
2961	0.0836
2962	0.0832
2963	0.0828
2964	0.0825
2965	0.0821
2966	0.0817
2967	0.0814
2968	0.081
2969	0.0807
2970	0.0803
2971	0.0799
2972	0.0796
2973	0.0792
2974	0.0789
2975	0.0785
2976	0.0782
2977	0.0778
2978	0.0775
2979	0.0772
2980	0.0769
2981	0.0766
2982	0.0762
2983	0.076
2984	0.0757
2985	0.0754
2986	0.0751
2987	0.0748
2988	0.0745
2989	0.0742
2990	0.0739
2991	0.0737
2992	0.0734
2993	0.0731
2994	0.0729
2995	0.0726
2996	0.0724
2997	0.0722
2998	0.072
2999	0.0719
3000	0.0718
3001	0.0716
3002	0.0715
3003	0.0713
3004	0.0712
3005	0.0711
3006	0.0709
3007	0.0708
3008	0.0707
3009	0.0706
3010	0.0704
3011	0.0703
3012	0.0701
3013	0.07
3014	0.0699
3015	0.0697
3016	0.0696
3017	0.0695
3018	0.0694
3019	0.0693
3020	0.0692
3021	0.0691
3022	0.069
3023	0.0689
3024	0.0688
3025	0.0687
3026	0.0686
3027	0.0685
3028	0.0684
3029	0.0683
3030	0.0683
3031	0.0682
3032	0.0681
3033	0.0681
3034	0.068
3035	0.0679
3036	0.0678
3037	0.0678
3038	0.0677
3039	0.0676
3040	0.0677
3041	0.0676
3042	0.0676
3043	0.0675
3044	0.0675
3045	0.0674
3046	0.0674
3047	0.0674
3048	0.0674
3049	0.0674
3050	0.0674
3051	0.0673
3052	0.0674
3053	0.0674
3054	0.0674
3055	0.0674
3056	0.0674
3057	0.0674
3058	0.0674
3059	0.0673
3060	0.0673
3061	0.0673
3062	0.0673
3063	0.0674
3064	0.0673
3065	0.0673
3066	0.0673
3067	0.0673
3068	0.0672
3069	0.0672
3070	0.0672
3071	0.0671
3072	0.0671
3073	0.0671
3074	0.0671
3075	0.0671
3076	0.067
3077	0.067
3078	0.0669
3079	0.0669
3080	0.0668
3081	0.0668
3082	0.0667
