0	361.76
1000	363.72
2000	364.88
3000	365.22
4000	364.81
5000	363.76
6000	362.25
7000	360.49
8000	358.69
9000	357.01
10000	355.62
11000	354.62
12000	354.07
13000	353.96
14000	354.25
15000	354.84
16000	355.61
17000	356.39
18000	357.00
19000	357.27
20000	357.05
21000	356.25
22000	354.81
23000	352.77
24000	350.23
25000	347.35
26000	344.34
27000	341.41
28000	338.77
29000	336.61
30000	335.10
31000	334.32
32000	334.33
33000	335.13
34000	336.69
35000	338.93
36000	341.73
37000	344.99
38000	348.55
39000	352.26
40000	356.00
41000	359.62
42000	362.99
43000	366.01
44000	368.58
45000	370.62
46000	372.07
47000	372.87
48000	373.01
49000	372.48
50000	371.30
51000	369.51
52000	367.18
53000	364.39
54000	361.28
55000	357.97
56000	354.60
57000	351.33
58000	348.30
59000	345.65
60000	343.49
61000	341.91
62000	340.97
63000	340.69
64000	341.04
65000	341.95
66000	343.33
67000	345.00
68000	346.80
69000	348.52
70000	349.97
71000	350.98
72000	351.44
73000	351.27
74000	350.51
75000	349.22
76000	347.57
77000	345.74
78000	343.96
79000	342.44
80000	341.37
81000	340.94
82000	341.28
83000	342.47
84000	344.56
85000	347.53
86000	351.29
87000	355.73
88000	360.63
89000	365.73
90000	370.71
91000	375.22
92000	378.87
93000	381.32
94000	382.29
95000	381.62
96000	379.26
97000	375.34
98000	370.11
99000	363.95
100000	357.27
101000	350.53
102000	344.16
103000	338.55
104000	334.01
105000	330.78
106000	329.02
107000	328.80
108000	330.11
109000	332.84
110000	336.78
111000	341.59
112000	346.88
113000	352.13
114000	356.84
115000	360.53
116000	362.84
117000	363.62
118000	362.87
119000	360.84
120000	357.88
121000	354.44
122000	350.94
123000	347.79
124000	345.31
125000	343.74
126000	343.20
127000	343.77
128000	345.41
129000	348.04
130000	351.48
131000	355.52
132000	359.87
133000	364.19
134000	368.14
135000	371.37
136000	373.57
137000	374.49
138000	374.02
139000	372.14
140000	368.97
141000	364.75
142000	359.77
143000	354.40
144000	348.97
145000	343.82
146000	339.22
147000	335.39
148000	332.49
149000	330.62
150000	329.81
151000	330.08
152000	331.38
153000	333.62
154000	336.69
155000	340.46
156000	344.76
157000	349.40
158000	354.18
159000	358.87
160000	363.24
161000	367.07
162000	370.16
163000	372.33
164000	373.46
165000	373.49
166000	372.44
167000	370.40
168000	367.51
169000	364.00
170000	360.11
171000	356.11
172000	352.26
173000	348.81
174000	345.97
175000	343.91
176000	342.77
177000	342.60
178000	343.41
179000	345.16
180000	347.70
181000	350.82
182000	354.26
183000	357.65
184000	360.61
185000	362.76
186000	363.76
187000	363.36
188000	361.49
189000	358.24
190000	353.85
191000	348.71
192000	343.27
193000	338.01
194000	333.37
195000	329.71
196000	327.35
197000	326.47
198000	327.20
199000	329.58
200000	333.55
201000	338.98
202000	345.62
203000	353.16
204000	361.15
205000	369.09
206000	376.42
207000	382.57
208000	387.05
209000	389.51
210000	389.75
211000	387.83
212000	383.97
213000	378.57
214000	372.14
215000	365.19
216000	358.24
217000	351.72
218000	346.01
219000	341.38
220000	338.03
221000	336.07
222000	335.52
223000	336.35
224000	338.41
225000	341.47
226000	345.19
227000	349.17
228000	352.92
229000	355.96
230000	357.87
231000	358.34
232000	357.30
233000	354.86
234000	351.36
235000	347.24
236000	343.00
237000	339.11
238000	335.98
239000	333.92
240000	333.11
241000	333.63
242000	335.48
243000	338.58
244000	342.74
245000	347.75
246000	353.31
247000	359.09
248000	364.72
249000	369.85
250000	374.16
251000	377.37
252000	379.31
253000	379.90
254000	379.18
255000	377.26
256000	374.36
257000	370.70
258000	366.55
259000	362.16
260000	357.75
261000	353.50
262000	349.58
263000	346.07
264000	343.07
265000	340.62
266000	338.76
267000	337.49
268000	336.83
269000	336.77
270000	337.31
271000	338.41
272000	340.05
273000	342.16
274000	344.64
275000	347.38
276000	350.22
277000	352.99
278000	355.49
279000	357.54
280000	358.97
281000	359.67
282000	359.58
283000	358.74
284000	357.25
285000	355.28
286000	353.04
287000	350.77
288000	348.74
289000	347.15
290000	346.20
291000	346.04
292000	346.74
293000	348.34
294000	350.77
295000	353.93
296000	357.61
297000	361.56
298000	365.43
299000	368.86
300000	371.48
301000	372.93
302000	372.97
303000	371.46
304000	368.44
305000	364.09
306000	358.72
307000	352.77
308000	346.68
309000	340.91
310000	335.85
311000	331.83
312000	329.11
313000	327.84
314000	328.09
315000	329.84
316000	332.98
317000	337.29
318000	342.50
319000	348.23
320000	354.06
321000	359.53
322000	364.24
323000	367.82
324000	370.08
325000	370.92
326000	370.42
327000	368.80
328000	366.34
329000	363.38
330000	360.25
331000	357.26
332000	354.66
333000	352.65
334000	351.34
335000	350.78
336000	350.98
337000	351.84
338000	353.22
339000	354.94
340000	356.76
341000	358.40
342000	359.61
343000	360.13
344000	359.79
345000	358.49
346000	356.25
347000	353.23
348000	349.64
349000	345.79
350000	342.02
351000	338.65
352000	335.95
353000	334.13
354000	333.33
355000	333.60
356000	334.90
357000	337.13
358000	340.10
359000	343.60
360000	347.36
361000	351.11
362000	354.60
363000	357.63
364000	360.06
365000	361.82
366000	362.94
367000	363.48
368000	363.59
369000	363.41
370000	363.12
371000	362.83
372000	362.65
373000	362.64
374000	362.80
375000	363.08
376000	363.38
377000	363.58
378000	363.53
379000	363.09
380000	362.16
381000	360.65
382000	358.58
383000	355.99
384000	353.03
385000	349.88
386000	346.74
387000	343.85
388000	341.40
389000	339.55
390000	338.44
391000	338.10
392000	338.53
393000	339.63
394000	341.26
395000	343.22
396000	345.29
397000	347.22
398000	348.82
399000	349.93
400000	350.49
401000	350.51
402000	350.09
403000	349.41
404000	348.66
405000	348.06
406000	347.80
407000	348.04
408000	348.87
409000	350.34
410000	352.41
411000	354.99
412000	357.92
413000	361.01
414000	364.03
415000	366.71
416000	368.85
417000	370.22
418000	370.71
419000	370.26
420000	368.90
421000	366.74
422000	363.95
423000	360.76
424000	357.41
425000	354.11
426000	351.07
427000	348.45
428000	346.36
429000	344.83
430000	343.87
431000	343.41
432000	343.35
433000	343.55
434000	343.87
435000	344.17
436000	344.36
437000	344.37
438000	344.19
439000	343.88
440000	343.55
441000	343.31
442000	343.32
443000	343.69
444000	344.54
445000	345.93
446000	347.86
447000	350.31
448000	353.16
449000	356.28
450000	359.48
451000	362.53
452000	365.20
453000	367.27
454000	368.54
455000	368.89
456000	368.25
457000	366.66
458000	364.23
459000	361.16
460000	357.68
461000	354.08
462000	350.64
463000	347.60
464000	345.19
465000	343.57
466000	342.84
467000	343.04
468000	344.12
469000	345.95
470000	348.34
471000	351.00
472000	353.63
473000	355.89
474000	357.45
475000	358.09
476000	357.68
477000	356.24
478000	353.89
479000	350.92
480000	347.66
481000	344.46
482000	341.69
483000	339.64
484000	338.56
485000	338.60
486000	339.84
487000	342.27
488000	345.80
489000	350.23
490000	355.28
491000	360.61
492000	365.79
493000	370.36
494000	373.89
495000	376.04
496000	376.58
497000	375.45
498000	372.77
499000	368.81
500000	363.96
501000	358.65
502000	353.33
503000	348.39
504000	344.15
505000	340.86
506000	338.66
507000	337.60
508000	337.67
509000	338.76
510000	340.67
511000	343.18
512000	345.97
513000	348.74
514000	351.18
515000	353.04
516000	354.15
517000	354.45
518000	353.98
519000	352.90
520000	351.43
521000	349.80
522000	348.27
523000	347.04
524000	346.26
525000	346.04
526000	346.38
527000	347.27
528000	348.63
529000	350.33
530000	352.26
531000	354.28
532000	356.27
533000	358.13
534000	359.79
535000	361.23
536000	362.44
537000	363.43
538000	364.23
539000	364.87
540000	365.36
541000	365.69
542000	365.82
543000	365.68
544000	365.17
545000	364.20
546000	362.68
547000	360.53
548000	357.74
549000	354.35
550000	350.47
551000	346.31
552000	342.08
553000	338.08
554000	334.57
555000	331.82
556000	330.05
557000	329.44
558000	330.08
559000	331.99
560000	335.13
561000	339.32
562000	344.34
563000	349.83
564000	355.40
565000	360.59
566000	364.96
567000	368.13
568000	369.83
569000	369.96
570000	368.58
571000	365.91
572000	362.31
573000	358.19
574000	353.97
575000	350.07
576000	346.83
577000	344.53
578000	343.36
579000	343.44
580000	344.79
581000	347.38
582000	351.03
583000	355.53
584000	360.52
585000	365.58
586000	370.22
587000	373.92
588000	376.20
589000	376.70
590000	375.24
591000	371.85
592000	366.79
593000	360.50
594000	353.54
595000	346.48
596000	339.87
597000	334.19
598000	329.79
599000	326.94
600000	325.78
601000	326.37
602000	328.65
603000	332.47
604000	337.57
605000	343.60
606000	350.09
607000	356.53
608000	362.36
609000	367.08
610000	370.28
611000	371.75
612000	371.46
613000	369.62
614000	366.54
615000	362.68
616000	358.50
617000	354.41
618000	350.78
619000	347.89
620000	345.92
621000	344.96
622000	344.99
623000	345.97
624000	347.72
625000	350.07
626000	352.74
627000	355.48
628000	358.00
629000	360.03
630000	361.39
631000	361.94
632000	361.65
633000	360.59
634000	358.88
635000	356.73
636000	354.34
637000	351.92
638000	349.66
639000	347.70
640000	346.11
641000	344.93
642000	344.15
643000	343.72
644000	343.60
645000	343.72
646000	344.03
647000	344.50
648000	345.14
649000	345.96
650000	347.02
651000	348.35
652000	350.00
653000	351.99
654000	354.32
655000	356.93
656000	359.71
657000	362.50
658000	365.11
659000	367.29
660000	368.80
661000	369.42
662000	368.99
663000	367.43
664000	364.79
665000	361.21
666000	356.95
667000	352.33
668000	347.71
669000	343.44
670000	339.85
671000	337.20
672000	335.70
673000	335.45
674000	336.51
675000	338.79
676000	342.15
677000	346.32
678000	350.95
679000	355.59
680000	359.77
681000	363.03
682000	364.99
683000	365.41
684000	364.25
685000	361.68
686000	358.01
687000	353.68
688000	349.19
689000	345.00
690000	341.51
691000	339.05
692000	337.82
693000	337.96
694000	339.49
695000	342.34
696000	346.35
697000	351.27
698000	356.76
699000	362.41
700000	367.76
701000	372.32
702000	375.69
703000	377.51
704000	377.62
705000	376.00
706000	372.84
707000	368.44
708000	363.22
709000	357.63
710000	352.11
711000	347.05
712000	342.75
713000	339.44
714000	337.27
715000	336.28
716000	336.44
717000	337.64
718000	339.69
719000	342.33
720000	345.27
721000	348.18
722000	350.74
723000	352.69
724000	353.85
725000	354.16
726000	353.67
727000	352.55
728000	351.02
729000	349.37
730000	347.86
731000	346.73
732000	346.15
733000	346.24
734000	347.04
735000	348.51
736000	350.54
737000	352.99
738000	355.63
739000	358.25
740000	360.61
741000	362.49
742000	363.75
743000	364.28
744000	364.09
745000	363.22
746000	361.84
747000	360.11
748000	358.26
749000	356.49
750000	354.98
751000	353.85
752000	353.19
753000	352.99
754000	353.20
755000	353.69
756000	354.30
757000	354.83
758000	355.06
759000	354.84
760000	354.03
761000	352.61
762000	350.62
763000	348.22
764000	345.60
765000	343.03
766000	340.77
767000	339.05
768000	338.09
769000	338.01
770000	338.88
771000	340.66
772000	343.27
773000	346.49
774000	350.09
775000	353.74
776000	357.12
777000	359.91
778000	361.87
779000	362.83
780000	362.75
781000	361.75
782000	360.00
783000	357.79
784000	355.41
785000	353.17
786000	351.33
787000	350.09
788000	349.58
789000	349.86
790000	350.88
791000	352.53
792000	354.63
793000	356.94
794000	359.17
795000	361.04
796000	362.27
797000	362.65
798000	362.08
799000	360.56
800000	358.22