depth	data
1420.6	-7.717
1457.45	-13.6635
1473.72	-12.6425
1489.95	-13.1636
1490.75	-10.5015
1492.7	-14.3612
1494.9	-13.1431
1497.1	-13.3007
1499.85	-14.498
1502.05	-12.0529
1504.8	-12.452
1507.55	-14.6341
1510.3	-11.5105
1510.4	-14.731
1515.8	-12.1073
1519.1	-12.9862
1521.85	-14.7705
1524.6	-13.5308
1527.9	-12.0844
1529.06	-10.497
1531.2	-11.7342
1534.5	-12.6483
1537.8	-13.5913
1544.95	-12.049
1552.1	-12.3529
1554	-12.834
1559.26	-11.5419
1566.39	-10.2174
1570.25	-11.7794
1573.55	-10.8057
1577.4	-11.3221
1581.24	-12.7088
1585.65	-9.4538
1587.86	-10.9411
1588.94	-9.0181
1596.65	-9.2985
1600.51	-9.078
1604.35	-9.1169
1608.2	-8.3743
1610.53	-7.2245
1612.06	-12.7768
1619.75	-9.0365
1623.6	-9.9664
1623.6	-10.0844
1628	-8.0551
1631.84	-9.8731
1635.7	-9.2225
1639.55	-10.8126
1639.73	-9.303
1647.25	-8.6103
1651.1	-10.5278
1654.95	-9.5499
1658.26	-9.5562
1662.66	-8.4248
1667.05	-9.6375
1670.17	-10.042
1670.9	-10.1436
1675.29	-7.6878
1679.71	-6.458
1684.11	-11.3911
1688.49	-8.2649
1697.3	-9.9765
1702.26	-9.6917
1706.65	-11.0463
1708.37	-10.666
1710.5	-11.3869
1714.9	-11.89
1722.6	-10.7951
1726.45	-11.5062
1730.3	-10.8881
1733.6	-11.7116
1736.35	-9.9537
1738.86	-8.963
1742.4	-11.8753
1745.15	-13.8545
1747.9	-11.4521
1750.65	-12.9275
1753.95	-14.7048
1755.6	-12.9031
1758.05	-10.6505
1758.35	-12.8607
1761.65	-13.423
1764.95	-16.3554
1766.6	-12.7284
1768.8	-14.935
1770.45	-14.2252
1772.1	-12.8422
1772.38	-13.066
1773.75	-15.8602
1775.4	-15.2154
1777.05	-14.0161
1782	-14.4209
1784.51	-11.7585
1784.75	-15.3833
1786.4	-14.1965
1788.6	-14.1875
1789.15	-15.9307
1791.9	-13.1814
1800.2	-8.4495
1811.99	-8.8275
1823.79	-8.4205
1832.6	-10.9266
1836.01	-6.94
1848.13	-9.399
1860.27	-9.8815
1871.32	-10.144
1881.27	-10.1035
1893.35	-11.568
1903.83	-13.5124
1914.45	-12.1049
1923.58	-12.7085
1944.93	-9.9376
1955.67	-8.4263
1965.61	-6.4209
1974.86	-7.4351
1978.35	-8.5207
1984.28	-10.4503
1993.43	-10.6817
1995.95	-11.4396
2008.99	-10.872
2016.92	-9.9914
2026.56	-8.9778
2026.75	-11.9168
2030.05	-11.41
2031.15	-12.1185
2032.8	-11.2291
2034.45	-11.4364
2036.1	-9.8412
2036.23	-8.7529
2038.85	-10.2173
2039.95	-9.9699
2041.6	-9.9287
2042.7	-9.2904
2044.35	-8.2977
2044.74	-5.8745
2046	-7.1113
2047.65	-7.5754
2050.95	-8.0864
2052.05	-8.3227
2052.6	-7.837
2053.15	-7.6632
2054.18	-4.9118
2054.8	-6.3326
2055.9	-7.6945
2057.55	-6.6867
2058.65	-6.1855
2060.3	-6.535
2061.95	-7.0093
2063.6	-7.0472
2064.13	-5.4751
2064.15	-8.4697
2066.35	-6.8976
2068	-6.6464
2069.65	-6.5227
2071.3	-6.5434
2072.4	-6.4258
2072.95	-6.8635
2075.32	-5.4372
2075.7	-6.823
2078.45	-6.8288
2080.65	-8.1674
2082.3	-8.1769
2083.95	-8.2303
2087.8	-9.8741
2088.14	-7.1231
2093.3	-8.9397
2095.5	-9.889
2097.15	-10.0202
2100.95	-8.6612
2101	-10.8114
2101.55	-9.2645
2102.1	-11.6785
2103.75	-11.8537
2105.95	-10.9197
2107.05	-12.6555
2108.15	-12.1988
2109.8	-11.363
2111.45	-13.9074
2111.49	-10.5427
2112.55	-11.5714
2115.85	-13.46
2119.15	-13.0801
2120.8	-12.8934
2122	-10.9365
2122.45	-14.1657
2124.1	-12.8033
2125.75	-14.6144
2127.4	-13.26
2129.05	-14.7027
2132.35	-13.1688
2132.98	-8.014
2134.55	-13.4267
2136.2	-13.6974
2137.85	-12.945
2140.05	-12.0483
2143.35	-13.1623
2146.1	-12.2017
2146.24	-11.6838
2147.75	-12.0689
2149.95	-11.3161
2151.6	-12.5834
2155.45	-11.153
2157.1	-11.3176
2158.25	-9.2661
2158.75	-12.417
2160.95	-12.3853
2166.45	-9.4159
2168.1	-10.7753
2170.3	-8.9879
2171.95	-9.6051
2173.6	-10.005
2178	-9.2338
2179.65	-9.3956
2181.85	-8.6309
2182.4	-8.8472
2183	-6.2667
2183.5	-8.6214
2185.7	-9.6752
2188.45	-8.4402
2190.1	-9.1351
2190.65	-8.5334
2192.85	-8.5054
2193.94	-6.5487
2194.5	-7.8979
2197.25	-7.5352
2198.9	-9.0172
2200	-8.9591
2202.18	-4.7568
2203.85	-8.6514
2204.4	-8.8746
2204.95	-8.4264
2206.05	-9.4143
2207.15	-9.9782
2208.25	-8.7622
2209.79	-7.0315
2210.45	-9.3487
2210.45	-9.3487
2211.55	-9.7298
2212.65	-9.5419
2213.75	-10.4328
2213.75	-10.4328
2214.85	-10.8725
2215.95	-11.8252
2216.28	-8.716
2217.05	-10.8229
2219.8	-11.1164
2220.9	-10.3521
2222	-11.0441
2222.71	-8.2304
2223.65	-10.0795
2224.75	-10.1165
2224.75	-10.1165
2225.85	-11.6553
2225.85	-11.6553
2226.95	-11.6739
2226.95	-11.6739
2228.05	-12.1012
2228.05	-12.1012
2229.88	-11.5025
2230.25	-11.5777
2233	-12.1026
2234.1	-11.8456
2235.75	-12.0872
2236.33	-9.8545
2236.85	-11.4159
2237.95	-12.3741
2238.5	-11.826
2240.7	-12.2473
2241.8	-10.173
2242.82	-8.3005
2242.9	-11.0685
2242.9	-11.0685
2244	-10.6104
2244	-10.6104
2245.1	-11.4353
2245.1	-11.4353
2246.2	-9.0466
2248.4	-9.8605
2248.4	-9.8605
2249.5	-8.5239
2250.45	-8.1748
2252.25	-9.292
2254.45	-10.1327
2256.1	-9.6363
2257.2	-8.0903
2258.65	-6.9527
2258.85	-9.772
2264.35	-6.7865
2266	-7.3014
2268.04	-6.1193
2268.75	-7.0658
2270.4	-5.8403
2272.05	-6.498
2273.7	-5.6906
2274.8	-6.3225
2276.45	-6.9511
2276.45	-6.9511
2278.5	-5.3543
2279.75	-8.3833
2281.4	-8.2581
2283.05	-8.6554
2285.25	-6.5514
2286.9	-5.5297
2286.9	-5.5297
2290.31	-2.6961
2291.85	-6.368
2295.7	-5.6883
2297.9	-6.7425
2300.1	-8.3135
2302.3	-7.338
2304.77	-5.8869
2306.15	-8.6614
2308.9	-7.9434
2310.55	-9.8564
2311.65	-10.4849
2313.3	-9.9736
2314.9	-10.3892
2315.5	-10.1657
2316.6	-10.8597
2316.6	-10.8597
2317.15	-10.4009
2318.25	-11.4679
2318.25	-11.4679
2319.35	-12.0048
2320.45	-12.5272
2321.53	-9.8861
2321.55	-10.3848
2323.2	-11.3561
2324.3	-9.5233
2325.4	-11.1712
2326.5	-12.126
2327.05	-13.6916
2327.05	-13.6916
2328.15	-14.0363
2328.81	-12.5227
2329.8	-15.3743
2330.35	-13.904
2331.45	-14.9269
2332	-14.2022
2332	-14.2022
2333.1	-15.2597
2333.1	-15.2597
2333.65	-14.8339
2334.75	-14.3266
2334.93	-13.266
2335.3	-13.5731
2336.4	-13.3227
2337.5	-14.6765
2338.6	-13.604
2339.15	-14.4713
2340.25	-15.224
2340.25	-15.224
2340.44	-11.1001
2341.9	-14.4925
2343	-15.0404
2343.55	-13.5954
2344.1	-13.9891
2345.75	-12.5598
2345.75	-12.5598
2346.85	-13.6348
2346.85	-13.6348
2348.5	-14.1769
2348.5	-14.1769
2349.6	-11.7761
2350.15	-12.9693
2353.28	-8.9038
2359.56	-9.4686
2371.04	-6.5734
2376.79	-8.2824
2391.54	-7.7128
2395.76	-8.6234
2400.53	-8.8832
2405.41	-9.7205
2410.25	-9.0962
2415.83	-8.6881
2434.88	-6.3494
2441.59	-7.1049
2448.28	-7.3086
2453.73	-7.5816
2458.5	-10.2376
2463.99	-11.7702
2468.77	-11.0746
2474.25	-12.068
2479.51	-9.9647
2484.94	-8.1306
2490.52	-7.2512
2495.64	-5.6463
2501.57	-4.9392
2507.53	-4.771
2513.97	-6.565
2520.53	-8.0158
2525.4	-9.5715
2531.43	-9.7059
2538.02	-9.4419
2545.65	-12.0402
2546.5	-8.2551
2555.85	-9
2556.95	-9.3323
2558.05	-9.0519
2559.15	-9.6233
2561.35	-8.7093
2561.9	-6.2719
2563.55	-9.1448
2564.1	-8.3533
2565.2	-8.7851
2567.95	-8.952
2570.15	-7.835
2571.25	-7.6242
2572.9	-7.1875
2574.55	-7.8001
2576.2	-7.3583
2577.85	-8.2433
2580.6	-9.0277
2582.25	-8.4976
2583.35	-9.056
2585.55	-7.6848
2587.2	-9.4414
2588.3	-9.2518
2589.31	-5.4
2589.95	-9.7212
2590.5	-9.2149
2591.6	-8.3276
2592.15	-9.1918
2593.25	-10.1619
2594.9	-9.3876
2595.41	-9.3
2596.55	-9.7828
2597.1	-9.6582
2597.65	-11.3007
2599.3	-10.212
2599.3	-10.212
2599.85	-11.2062
2600.41	-11.1
2600.95	-11.4237
2601.5	-10.3599
2602.05	-9.5901
2602.6	-10.5533
2603.15	-9.836
2603.76	-10.1
2604.8	-11.1372
2605.35	-11.7272
2605.9	-10.0645
2606.45	-10.4626
2607.07	-10.1
2607.55	-10.2728
2608.1	-10.5682
2609.2	-9.2671
2609.75	-10.7122
2610.3	-9.5386
2610.91	-9
2611.4	-9.0748
2611.4	-9.0748
2611.95	-9.168
2613.05	-9.0111
2613.05	-9.9478
2614.11	-8.8
2614.15	-9.5528
2617.98	-7.3
2621.81	-8
2625.65	-6.4
2628.92	-7.8
2632.17	-10.4
2633.4	-11.2369
2635.42	-10.1
2638.67	-10.3
2642.02	-10.8
2645.86	-9.7
2649.19	-9.6
2653.01	-9.8
2656.84	-8.9
2660.75	-8.6
2664.07	-8.9
2667.9	-7.5
2667.95	-9.4
2670.69	-8
2673.46	-7.5
2678.99	-8.6
2681.74	-6.9
2687.31	-8.5
2690.06	-9.3
2692.88	-5.7
2694.04	-7.4
2695.7	-7.1
2698.51	-5.3
2698.54	-8.05
2702.99	-7.05
2707.42	-5.65
2711.8	-5
2716.2	-5
2720.54	-4.55
2724.85	-5.1
2729.13	-6.3
2733.35	-6.35
2737.62	-6.2
2740.65	-7.2651
2740.65	-7.2651
2741.75	-7.5344
2741.75	-7.5344
2741.88	-6.55
2742.3	-7.8069
2742.3	-7.8069
2742.85	-8.1102
2742.85	-8.1102
2743.95	-8.5288
2743.95	-8.5288
2744.5	-8.5998
2745.6	-8.1085
2746.15	-8.0015
2746.18	-7.7
2747.25	-7.8544
2747.8	-8.5916
2749.45	-8.425
2750	-8.9075
2750	-8.9075
2750.51	-7.9
2750.55	-8.0032
2751.1	-9.0411
2751.1	-9.0411
2752.2	-8.9622
2752.2	-8.9622
2752.75	-8.227
2753.3	-9.5834
2754.4	-9.4108
2754.84	-8.55
2754.95	-7.8556
2755.5	-8.6345
2756.05	-10.5434
2757.7	-8.9993
2758.25	-8.3932
2758.8	-9.0123
2759.09	-8.65
2761	-10.1927
2762.65	-11.4674
2763.45	-9.4
2763.75	-10.0478
2764.3	-9.3908
2765.4	-8.7433
2765.95	-10.2996
2766.5	-10.0213
2767.79	-9.95
2769.25	-10.4355
2770.35	-9.0486
2770.9	-8.7403
2771.45	-9.1171
2772	-9.3073
2772	-9.3073
2772.18	-8.7
2773.1	-8.8751
2773.65	-9.9321
2774.2	-8.5048
2774.75	-9.5381
2775.3	-8.2995
2775.85	-7.7633
2776.43	-8.9
2776.95	-8.7387
2777.5	-9.0843
2778.05	-10.4613
2778.6	-8.7772
2779.7	-8.2811
2780.25	-8.8332
2780.8	-7.9612
2781.18	-8.7
2781.35	-8.8326
2782.45	-8.8184
2784.29	-8.7
2785.2	-7.0358
2785.75	-8.1722
2786.11	-7.65
2786.3	-7.7943
2786.85	-7.5015
2787.4	-8.1317
2787.95	-8.6
2789.05	-7.1949
2789.09	-7.6
2789.6	-7.6579
2790.15	-8.9771
2790.15	-8.9771
2790.7	-6.2731
2790.99	-7.1
2791.25	-8.1982
2791.8	-7.4054
2792.35	-8.5878
2793.28	-6.3
2793.45	-8.5674
2794	-7.934
2794.55	-7.6047
2795.65	-8.3825
2795.74	-7.45
2796.2	-8.5261
2796.75	-8.8733
2797.85	-10.0799
2798.47	-7.6
2800.13	-8.85
2804.29	-9.6
2806.81	-7.2
2808.45	-9.45
2811.01	-9.8
2812.57	-6.6
2814.57	-4.7
2816.86	-8
2816.86	-6.15
2819.03	-9.7
2821.25	-4.2
2823.4	-7.2
2825.62	-7.2
2827.72	-4.5
2830.15	-2.6
2832.44	-2.7
2834.7	-3.4
2836.96	-4
2838.28	-6.9247
2839.79	-4.9
2841.84	-2.2
2843.67	-6
2845.34	-6.1
2845.43	-7.5118
2848.61	-6.2
2851.92	-7.2
2854.68	-6.4
2858	-3.7
2861.3	-3.7
2865.16	-2.9
2868.44	-3.7
2870.45	-7.2794
2871.7	-3.9
2873.75	-7.7134
2874.3	-8.1235
2874.4	-5.3
2874.85	-9.2479
2874.94	-5.9
2875.4	-6.0681
2875.4	-6.0681
2875.95	-8.0272
2876.5	-7.6167
2877.6	-7.2012
2878.08	-5.9
2878.15	-6.4185
2878.15	-6.4185
2878.7	-8.2854
2879.25	-7.7818
2880.35	-7.2762
2880.35	-7.2762
2881.23	-5
2881.45	-8.1209
2882	-7.6465
2883.1	-8.5594
2883.65	-7.7242
2884.75	-7.9792
2884.93	-5.2
2885.3	-8.7259
2885.85	-8.1561
2886.4	-6.9108
2887.5	-7.0482
2888.05	-6.388
2888.67	-7.4
2889.15	-7.7179
2890.25	-6.9106
2891.35	-6.3492
2892.45	-6.9559
2892.45	-8.2
2893	-6.7434
2893.55	-6.8494
2894.1	-6.8212
2894.65	-6.2832
2895.71	-5.7
2895.75	-7.6955
2896.3	-7.9797
2896.85	-7.7926
2897.4	-6.4923
2897.95	-7.492
2898.93	-8
2899.05	-6.5712
2899.6	-7.4073
2899.6	-7.4073
2900.15	-9.1324
2900.15	-9.1324
2900.7	-8.6076
2900.7	-8.6076
2901.25	-8.8278
2901.8	-7.833
2901.8	-7.833
2902.1	-10.5
2902.35	-8.3365
2902.64	-7.8
2903.45	-7.0528
2903.45	-7.0528
2904	-8.489
2904.55	-9.2659
2905.1	-10.02
2905.53	-10.3
2905.65	-9.5884
2905.65	-9.5884
2906.2	-10.6393
2906.75	-9.2679
2907.3	-11.1149
2907.3	-11.1149
2907.85	-10.7884
2908.4	-8.999
2908.4	-8.999
2908.46	-10
2908.95	-10.2904
2910.05	-10.9855
2910.6	-10.1444
2911.4	-11.5
2915.03	-10.7
2916.87	-12.4
2919.84	-8.7
2920.42	-7.6
2921.54	-7.5
2924.37	-4.9
2926.55	-3.7
2929.27	-3.6
2933.18	-3.8
2935.8	-4.7
2939.99	-5.9
2944.29	-6.5
2948.63	-7.8
2955.06	-8.9
2961.87	-5.9
2969.14	-4.9
2969.69	-6.3
2975.04	-5.4
2981.55	-4.1
2987.04	-3.2
2992.37	-4.7
2996.67	-5.3
2999.4	-6.9
3002.73	-8.9
3004.38	-8.9
3006.68	-7.5
3007.25	-7.5
3008.89	-6
3011.16	-3.9
3011.78	-3.7
3013.39	-3.6
3015.08	-4.2
3017.29	-6
3018.89	-6.7
3021.61	-7.6
3023.24	-7.1
3025.98	-6.4
3028.14	-5.1
3030.34	-4.8
3031.4	-4.2
3034.06	-8.6
3035.68	-5.8
3036.8	-8.2
3038.61	-10.8
3039.75	-9.8
3040.93	-8.3
3042.15	-6.6
3043.28	-4.6
3044.55	-7.5
3045.75	-4.8
3046.98	-7.8
3048.16	-7.5
3049.26	-7.1
3050.33	-9.1
3051.36	-7.9
3052.51	-7.2
3053.54	-7.3
3055.13	-9.4
3056.68	-4.5
3058.32	-3.7
3059.9	-5.3
3061.58	-3.1
3063.69	-6.3
3065.84	-6.3
3068.6	-4.7
3071.21	-4.6
3074.29	-3.6
3076.94	-1.8
3080.63	-1.4
3084.37	-0.7
3088.66	-2.9
3092.49	-3.8
3097.53	-7.1
3100.96	-8.1
3104.17	-7.3
3105.46	-7.1
3108.89	-4.3
3110.62	-6.1
3112.36	-4.3
3113.52	-5.4
3115.27	-4.6
3117.62	-2.3
3118.78	-5.9
3120.48	-1.4
3122.23	-3.9
3124.5	-5
3126.22	-4
3126.76	-3.1
3128.98	-3.5
3131.72	-10.6
3134.48	-9.5
3137.68	-6.7
3139.06	-4.3
3140.74	-5.4
3143.28	-3.7
3145.84	-8.7
3147.9	-4.6
3148.45	-6.1
3150.04	-8.3
3151.14	-5.8
3152.19	-7.5
3154.31	-4.5
3157.09	-5.2
3159.38	-6.9
3159.91	-5.8
3162.75	-5.2
3163.35	-8
3165.02	-3.3
3167.3	-6.4
3172.28	-7
3174.52	-7.6
3175.64	-5.8
3177.34	-5
3180.16	-2.5
3182.94	-2.6
3185.13	-7.9
3187.33	-3
3188.92	-9.8