age	value
0	543.173423
1000	546.919567
2000	548.818451
3000	548.955062
4000	547.481592
5000	544.450100
6000	540.490920
7000	535.992803
8000	531.344325
9000	527.158487
10000	523.822631
11000	521.416675
12000	520.387065
13000	520.557134
14000	521.804302
15000	523.981341
16000	526.690295
17000	529.435683
18000	531.924860
19000	533.689425
20000	534.265870
21000	533.641323
22000	531.552777
23000	528.044226
24000	523.403815
25000	517.928517
26000	511.835649
27000	505.900039
28000	500.262983
29000	495.479194
30000	491.909564
31000	489.750425
32000	489.089426
33000	490.144879
34000	492.682589
35000	496.598767
36000	501.785781
37000	507.874869
38000	514.568384
39000	521.736712
40000	528.887366
41000	535.850718
42000	542.424579
43000	548.276841
44000	553.231384
45000	557.281910
46000	560.029816
47000	561.596492
48000	561.850249
49000	560.739082
50000	558.252399
51000	554.681064
52000	549.823837
53000	544.134694
54000	537.793126
55000	530.973922
56000	524.116818
57000	517.580430
58000	511.522533
59000	506.450616
60000	502.546022
61000	499.922515
62000	498.845068
63000	499.235977
64000	500.996838
65000	503.972628
66000	507.928934
67000	512.330294
68000	516.961570
69000	521.254399
70000	524.788447
71000	527.263418
72000	528.401606
73000	527.941483
74000	526.090680
75000	522.816426
76000	518.507270
77000	513.542316
78000	508.445990
79000	503.659188
80000	499.841619
81000	497.367860
82000	496.677602
83000	498.078764
84000	501.719675
85000	507.533956
86000	515.461865
87000	525.058339
88000	535.865266
89000	547.210775
90000	558.363046
91000	568.408468
92000	576.652738
93000	582.242665
94000	584.647679
95000	583.496002
96000	578.743406
97000	570.457385
98000	559.377740
99000	545.998719
100000	531.397202
101000	516.599340
102000	502.556816
103000	490.293659
104000	480.667588
105000	474.208332
106000	471.387907
107000	472.331534
108000	476.847306
109000	484.602738
110000	494.861715
111000	506.789396
112000	519.257895
113000	531.254930
114000	541.561396
115000	549.376699
116000	553.957081
117000	555.048091
118000	552.696128
119000	547.330009
120000	539.690274
121000	530.665129
122000	521.282962
123000	512.503654
124000	505.185518
125000	500.028985
126000	497.497664
127000	497.782341
128000	500.923730
129000	506.659388
130000	514.500382
131000	523.901915
132000	534.047402
133000	544.142554
134000	553.345855
135000	560.952006
136000	566.194160
137000	568.791955
138000	568.404589
139000	565.072728
140000	559.090615
141000	550.830825
142000	540.906538
143000	530.036343
144000	518.829562
145000	508.047493
146000	498.254129
147000	489.970156
148000	483.557395
149000	479.332060
150000	477.387058
151000	477.765800
152000	480.408923
153000	485.138924
154000	491.663631
155000	499.765625
156000	508.947461
157000	518.840477
158000	528.998394
159000	538.879490
160000	547.995386
161000	555.926421
162000	562.174070
163000	566.379294
164000	568.357844
165000	567.898490
166000	565.008983
167000	559.993811
168000	552.992776
169000	544.593407
170000	535.340674
171000	525.837489
172000	516.718715
173000	508.735682
174000	502.265080
175000	497.916787
176000	495.951081
177000	496.491794
178000	499.508851
179000	504.880937
180000	512.010352
181000	520.420698
182000	529.442550
183000	537.991174
184000	545.487951
185000	550.975925
186000	553.753882
187000	553.462818
188000	549.979071
189000	543.220792
190000	533.959661
191000	522.688984
192000	510.389822
193000	498.116237
194000	486.895114
195000	477.586119
196000	471.170128
197000	468.145595
198000	468.883539
199000	473.644422
200000	482.208299
201000	494.152666
202000	508.983584
203000	525.649799
204000	543.157667
205000	560.304429
206000	575.873463
207000	588.544418
208000	597.625582
209000	602.155649
210000	601.924634
211000	597.019720
212000	587.888825
213000	575.172683
214000	560.211974
215000	543.894880
216000	527.585776
217000	512.483096
218000	499.477048
219000	489.393929
220000	482.882075
221000	480.069262
222000	480.996964
223000	485.492436
224000	492.829608
225000	502.310631
226000	513.026016
227000	523.690018
228000	533.267460
229000	540.865779
230000	545.355061
231000	546.540051
232000	544.242120
233000	538.638211
234000	530.519451
235000	520.833112
236000	510.404209
237000	500.582397
238000	492.196428
239000	486.029518
240000	482.705737
241000	482.592974
242000	485.536702
243000	491.599994
244000	500.205929
245000	510.761936
246000	522.620380
247000	534.921225
248000	546.740986
249000	557.464775
250000	566.307731
251000	572.737978
252000	576.535961
253000	577.601338
254000	575.865427
255000	571.864253
256000	565.807060
257000	558.190227
258000	549.634190
259000	540.597674
260000	531.391667
261000	522.718704
262000	514.615004
263000	507.447365
264000	501.448697
265000	496.650565
266000	493.133653
267000	491.064535
268000	490.339627
269000	490.934525
270000	492.993680
271000	496.222921
272000	500.610112
273000	506.015879
274000	512.100827
275000	518.537166
276000	525.128062
277000	531.183784
278000	536.466115
279000	540.559533
280000	542.996133
281000	543.648246
282000	542.486225
283000	539.444823
284000	534.874678
285000	529.271902
286000	522.942226
287000	516.686144
288000	511.102478
289000	506.608495
290000	503.904540
291000	503.255826
292000	504.825568
293000	508.717983
294000	514.736831
295000	522.414040
296000	531.350430
297000	540.732956
298000	549.783495
299000	557.688263
300000	563.687044
301000	566.986042
302000	567.267565
303000	564.259014
304000	557.966229
305000	548.913920
306000	537.650935
307000	524.973680
308000	511.978000
309000	499.521049
310000	488.581011
311000	479.972428
312000	474.339194
313000	471.989391
314000	473.215682
315000	477.839260
316000	485.531156
317000	495.772609
318000	507.775112
319000	520.567446
320000	533.302603
321000	544.880132
322000	554.460599
323000	561.435481
324000	565.290123
325000	565.919259
326000	563.539935
327000	558.514836
328000	551.496500
329000	543.322466
330000	534.736774
331000	526.527907
332000	519.525622
333000	514.084320
334000	510.749406
335000	509.612680
336000	510.641873
337000	513.616588
338000	518.151709
339000	523.591610
340000	529.368297
341000	534.688499
342000	538.908643
343000	541.417424
344000	541.809325
345000	539.925526
346000	535.743959
347000	529.717884
348000	522.221574
349000	514.078878
350000	505.932942
351000	498.612639
352000	492.667739
353000	488.733695
354000	487.002717
355000	487.653764
356000	490.552579
357000	495.434922
358000	501.786415
359000	509.134831
360000	516.790406
361000	524.185884
362000	530.815516
363000	536.253011
364000	540.248387
365000	542.798753
366000	543.922993
367000	543.944465
368000	543.110130
369000	541.921456
370000	540.580772
371000	539.579949
372000	538.971459
373000	538.956120
374000	539.442241
375000	540.308054
376000	541.235024
377000	542.000343
378000	542.152545
379000	541.459744
380000	539.651032
381000	536.638294
382000	532.409965
383000	527.220176
384000	521.322090
385000	515.143683
386000	509.220893
387000	503.962415
388000	499.817159
389000	497.158953
390000	496.104817
391000	496.719434
392000	498.926697
393000	502.337668
394000	506.625885
395000	511.284777
396000	515.806894
397000	519.648219
398000	522.601039
399000	524.194328
400000	524.542898
401000	523.678078
402000	521.865942
403000	519.463759
404000	517.069929
405000	514.926390
406000	513.656205
407000	513.521754
408000	514.710942
409000	517.315755
410000	521.316771
411000	526.353840
412000	532.166956
413000	538.330220
414000	544.197764
415000	549.378934
416000	553.451797
417000	555.815985
418000	556.534430
419000	555.335984
420000	552.343994
421000	547.831589
422000	542.212454
423000	535.754815
424000	529.186837
425000	522.801271
426000	517.065357
427000	512.325317
428000	508.791490
429000	506.444404
430000	505.380247
431000	505.365220
432000	506.062356
433000	507.383547
434000	508.805346
435000	510.102579
436000	511.097705
437000	511.614180
438000	511.527901
439000	511.141665
440000	510.429013
441000	509.711203
442000	509.359963
443000	509.559097
444000	510.537295
445000	512.649913
446000	515.760735
447000	519.901651
448000	525.043050
449000	530.690369
450000	536.587370
451000	542.363091
452000	547.333287
453000	551.196720
454000	553.537305
455000	553.967199
456000	552.383044
457000	548.940853
458000	543.633530
459000	537.005409
460000	529.587666
461000	521.861498
462000	514.569256
463000	508.383799
464000	503.636857
465000	500.918992
466000	500.420003
467000	502.051332
468000	505.780957
469000	511.207111
470000	517.642386
471000	524.541105
472000	531.104631
473000	536.456480
474000	540.052682
475000	541.445543
476000	540.163274
477000	536.547973
478000	530.779297
479000	523.389683
480000	515.310536
481000	507.319252
482000	500.197235
483000	494.923572
484000	492.007932
485000	491.808892
486000	494.718974
487000	500.506924
488000	508.825522
489000	519.246893
490000	530.844619
491000	542.638401
492000	553.818989
493000	563.171144
494000	569.859692
495000	573.454623
496000	573.320185
497000	569.671601
498000	562.827434
499000	553.394087
500000	542.185027
501000	530.353412
502000	518.669562
503000	508.141573
504000	499.558434
505000	493.329521
506000	489.810615
507000	489.120745
508000	490.975730
509000	495.001590
510000	500.792650
511000	507.433466
512000	514.412706
513000	520.949066
514000	526.429038
515000	530.363399
516000	532.675607
517000	533.047431
518000	531.859507
519000	529.409257
520000	525.999552
521000	522.273699
522000	518.700993
523000	515.547524
524000	513.316112
525000	512.123609
526000	511.979405
527000	512.944529
528000	514.871493
529000	517.451360
530000	520.623429
531000	524.037854
532000	527.515131
533000	530.908211
534000	534.178096
535000	537.049486
536000	539.800509
537000	542.219752
538000	544.355809
539000	546.273369
540000	547.856999
541000	548.943439
542000	549.561929
543000	549.345779
544000	548.171349
545000	545.890468
546000	542.306538
547000	537.330735
548000	531.147911
549000	523.807175
550000	515.658149
551000	507.217922
552000	498.883898
553000	491.298313
554000	485.055583
555000	480.615377
556000	478.419576
557000	478.824497
558000	481.837592
559000	487.498616
560000	495.449607
561000	505.324523
562000	516.347449
563000	527.916435
564000	538.981178
565000	548.821731
566000	556.557178
567000	561.600291
568000	563.474558
569000	562.171857
570000	557.714446
571000	550.676440
572000	541.687603
573000	531.603115
574000	521.365822
575000	511.942252
576000	504.136750
577000	498.692481
578000	496.150242
579000	496.778426
580000	500.592109
581000	507.500412
582000	516.840589
583000	528.101032
584000	540.177433
585000	552.108387
586000	562.659571
587000	570.845512
588000	575.576604
589000	576.376923
590000	572.820564
591000	565.133882
592000	553.854313
593000	539.863902
594000	524.354035
595000	508.589381
596000	493.900928
597000	481.376297
598000	472.094670
599000	466.604359
600000	465.441879
601000	468.510870
602000	475.701045
603000	486.345847
604000	499.628053
605000	514.460678
606000	529.633462
607000	543.785707
608000	555.857672
609000	564.751754
610000	569.840817
611000	570.924741
612000	568.061195
613000	561.824456
614000	553.060290
615000	542.702861
616000	531.887005
617000	521.594442
618000	512.729802
619000	505.883922
620000	501.633768
621000	499.978036
622000	500.980427
623000	504.290575
624000	509.455565
625000	515.815205
626000	522.779365
627000	529.522818
628000	535.493919
629000	540.144469
630000	543.090845
631000	544.175489
632000	543.496947
633000	541.166073
634000	537.567066
635000	533.158157
636000	528.280442
637000	523.402999
638000	518.883257
639000	514.851775
640000	511.556248
641000	509.002344
642000	507.130718
643000	505.900601
644000	505.263640
645000	505.064805
646000	505.330925
647000	506.127165
648000	507.351949
649000	509.282090
650000	511.929395
651000	515.337035
652000	519.632766
653000	524.763237
654000	530.472297
655000	536.687511
656000	542.953830
657000	548.790690
658000	553.823059
659000	557.460756
660000	559.220687
661000	558.841873
662000	556.146858
663000	550.986257
664000	543.863530
665000	535.034703
666000	525.121212
667000	515.033326
668000	505.360795
669000	496.947350
670000	490.533099
671000	486.575083
672000	485.374411
673000	487.249758
674000	491.872343
675000	499.006210
676000	508.110987
677000	518.360541
678000	528.797691
679000	538.681440
680000	546.787818
681000	552.500940
682000	555.289795
683000	554.700506
684000	550.950244
685000	544.412855
686000	535.682318
687000	525.696063
688000	515.486199
689000	505.935436
690000	497.996400
691000	492.518000
692000	489.865735
693000	490.468565
694000	494.399548
695000	501.317520
696000	510.828270
697000	522.350808
698000	534.716043
699000	547.208543
700000	558.633407
701000	567.927967
702000	574.363128
703000	577.354791
704000	576.419101
705000	571.839044
706000	563.963050
707000	553.326100
708000	541.069526
709000	528.125185
710000	515.391874
711000	504.086451
712000	494.839735
713000	488.205217
714000	484.705600
715000	484.274761
716000	486.735788
717000	491.815622
718000	498.772208
719000	506.799205
720000	515.217225
721000	522.985570
722000	529.364885
723000	533.885800
724000	536.113564
725000	535.895518
726000	533.750544
727000	529.812024
728000	524.920704
729000	519.770546
730000	515.038051
731000	511.305703
732000	509.232065
733000	508.887043
734000	510.453700
735000	513.835443
736000	518.609412
737000	524.292939
738000	530.456447
739000	536.268661
740000	541.245244
741000	545.000815
742000	547.013721
743000	547.254175
744000	545.924620
745000	542.983745
746000	539.153027
747000	534.779815
748000	530.402874
749000	526.502903
750000	523.620993
751000	521.704016
752000	521.136073
753000	521.675867
754000	523.024118
755000	524.902971
756000	526.821731
757000	528.194491
758000	528.706932
759000	528.033928
760000	525.837529
761000	522.422653
762000	517.818973
763000	512.518003
764000	507.026116
765000	502.041131
766000	497.921397
767000	495.456515
768000	494.825524
769000	496.224281
770000	499.761243
771000	505.116293
772000	511.838482
773000	519.499483
774000	527.281081
775000	534.491750
776000	540.552676
777000	544.844855
778000	546.985333
779000	547.016321
780000	544.856568
781000	540.994734
782000	535.912842
783000	530.278753
784000	524.629094
785000	519.819572
786000	516.111112
787000	514.062045
788000	513.786067
789000	515.287350
790000	518.319179
791000	522.621859
792000	527.567500
793000	532.620128
794000	537.192632
795000	540.640682
796000	542.516690
797000	542.612548
798000	540.696930
799000	536.985948
800000	531.844083
801000	525.630295
802000	519.070824
803000	512.776896
804000	507.264856
805000	503.141796
806000	500.729558
807000	500.186129
808000	501.567623
809000	504.661859
810000	509.101859
811000	514.396299
812000	520.074684
813000	525.378814
814000	529.959816
815000	533.235770
816000	535.004010
817000	535.139161
818000	533.781457
819000	531.125906
820000	527.713184