# TAC data
# depth (m) TAC (cm3/g)
depth	data
115.09	0.0873
126.64	0.0860
137.64	0.0883
148.64	0.0871
159.64	0.0884
165.14	0.0874
176.14	0.0883
187.14	0.0875
198.14	0.0890
209.14	0.0858
225.09	0.0890
236.09	0.0873
247.64	0.0863
258.64	0.0871
269.09	0.0871
275.69	0.0904
285.59	0.0869
297.14	0.0894
308.14	0.0880
319.14	0.0878
335.64	0.0889
346.64	0.0888
350.95	0.0879
357.09	0.0895
362.89	0.0865
383.93	0.0858
404.73	0.0850
404.76	0.0863
414.73	0.0865
427.19	0.0915
444.45	0.0893
463.56	0.0873
463.59	0.0874
481.85	0.0901
501.65	0.0921
529.10	0.0955
543.84	0.0899
543.87	0.0896
564.85	0.0932
586.35	0.0918
606.10	0.0971
624.85	0.0937
645.70	0.0930
664.45	0.0977
684.31	0.0940
704.11	0.0906
724.38	0.0893
740.35	0.0894
744.84	0.0904
764.30	0.0888
784.41	0.0902
798.30	0.0887
803.60	0.0920
816.80	0.0885
839.93	0.0893
866.29	0.0906
888.29	0.0918
915.79	0.0912
937.80	0.0893
965.29	0.0916
987.30	0.0911
1017.55	0.0935
1036.79	0.0913
1069.79	0.0936
1091.79	0.0900
1113.79	0.0916
1141.29	0.0919
1163.29	0.0906
1190.79	0.0898
1212.79	0.0941
1237.54	0.0951
1262.29	0.0896
1289.79	0.0893
1311.79	0.0896
1339.29	0.0871
1366.79	0.0882
1388.79	0.0923
1416.29	0.0907
1443.79	0.0941
1465.79	0.0903
1487.79	0.0922
1512.54	0.0911
1540.04	0.0911
1564.79	0.0891
1592.29	0.0898
1614.29	0.0900
1641.79	0.0896
1663.79	0.0941
1691.29	0.0911
1718.79	0.0878
1740.79	0.0869
1762.79	0.0911
1779.75	0.0904
1790.29	0.0911
1801.75	0.0929
1812.34	0.0932
1829.25	0.0939
1839.80	0.0932
1851.25	0.0965
1867.29	0.0940
1878.75	0.0924
1889.29	0.0912
1900.75	0.0942
1916.80	0.0900
1922.29	0.0927
1938.80	0.0938
1953.00	0.0911
1966.29	0.0942
1977.75	0.0925
1988.30	0.0949
1994.25	0.0915
2004.79	0.0943
2015.79	0.0928
2027.25	0.0907
2037.79	0.0932
2049.25	0.0929
2065.29	0.0924
2076.75	0.0937
2090.04	0.0898
2098.75	0.0886
2114.79	0.0883
2131.75	0.0881
2142.29	0.0900
2153.75	0.0889
2164.29	0.0911
2175.75	0.0887
2186.29	0.0921
2192.25	0.0922
2202.66	0.0960
2209.30	0.0931
2218.08	0.0941
2219.20	0.0909
2231.88	0.0914
2240.05	0.0915
2247.80	0.0907
2263.20	0.0937
2277.50	0.0946
2292.90	0.0952
2297.30	0.0926
2307.20	0.0897
2314.90	0.0860
2322.60	0.0893
2329.15	0.0908
2336.87	0.0920
2342.35	0.0902
2350.10	0.0912
2357.80	0.0921
2366.59	0.0937
2370.97	0.0964
2379.80	0.0930
2387.50	0.0950
2395.89	0.0945
2404.00	0.0917
2411.70	0.0938
2419.40	0.0891
2428.20	0.0912
2439.20	0.0911
2449.10	0.0914
2456.80	0.0889
2464.50	0.0899
2473.30	0.0913
2481.00	0.0903
2489.80	0.0886
2497.50	0.0917
2503.05	0.0940
2506.30	0.0960
2510.75	0.0923
2515.10	0.0918
2523.90	0.0897
2532.70	0.0924
2543.70	0.0895
2554.70	0.0896
2566.80	0.0907
2578.90	0.0904
2586.65	0.0883
2594.30	0.0909
2598.70	0.0912
2604.20	0.0904
2610.80	0.0922
2616.30	0.0932
2622.90	0.0935
2628.40	0.0943
2630.65	0.0934
2633.90	0.0910
2639.40	0.0910
2644.90	0.0902
2651.50	0.0909
2657.00	0.0919
2661.45	0.0921
2664.70	0.0921
2670.20	0.0918
2676.80	0.0939
2684.50	0.0932
2686.70	0.0896
2690.00	0.0901
2696.60	0.0911
2703.20	0.0924
2712.00	0.0912
2720.80	0.0908
2730.70	0.0912
2739.50	0.0906
2748.27	0.0880
2757.10	0.0896
2762.10	0.0879
2764.80	0.0874
2767.60	0.0926
2772.50	0.0899
2776.40	0.0910
2779.10	0.0920
2783.00	0.0924
2783.50	0.0931
2786.80	0.0957
2790.10	0.0952
2792.30	0.0977
2795.60	0.0943
2797.80	0.0917
2798.49	0.0937
2801.79	0.0935
2805.09	0.0883
2807.30	0.0940
2809.54	0.0924
2812.07	0.0929
2813.89	0.0900
2816.09	0.0950
2818.29	0.0924
2820.90	0.0939
2821.68	0.0924
2824.94	0.0905
2827.09	0.0931
2830.48	0.0941
2833.74	0.0915
2836.99	0.0923
2840.29	0.0926
2843.68	0.0922
2846.96	0.0879
2850.18	0.0881
2853.49	0.0885
2856.88	0.0910
2860.09	0.0927
2863.39	0.0928
2865.71	0.0921
2867.79	0.0903
2870.40	0.0911
2871.11	0.0915
2873.29	0.0933
2875.90	0.0911
2878.88	0.0905
2880.99	0.0920
2884.29	0.0906
2887.68	0.0915
2889.79	0.0903
2892.08	0.0923
2895.29	0.0938
2898.59	0.0904
2900.88	0.0912
2902.99	0.0935
2905.27	0.0876
2907.45	0.0898
2909.73	0.0901
2911.78	0.0920
2914.07	0.0896
2916.18	0.0909
2918.48	0.0921
2920.61	0.0888
2922.86	0.0927
2924.99	0.0907
2927.32	0.0936
2929.39	0.0958
2931.73	0.0937
2933.79	0.0953
2937.09	0.0915
2939.42	0.0923
2941.49	0.0915
2943.74	0.0906
2945.88	0.0939
2948.11	0.0900
2951.39	0.0889
2953.71	0.0902
2956.92	0.0899
2959.09	0.0896
2962.51	0.0910
2965.69	0.0885
2974.49	0.0892
2976.72	0.0898
2982.19	0.0925
2985.53	0.0915
2987.67	0.0905
2990.99	0.0934
2994.29	0.0906
2996.49	0.0882
2998.74	0.0885
3000.94	0.0887
3002.13	0.0898
3005.34	0.0903
3006.53	0.0915
3007.54	0.0870
3009.55	0.0902
3011.96	0.0929
3013.04	0.0919
3014.13	0.0926
3016.34	0.0891
3018.49	0.0942
3020.69	0.0902
3022.89	0.0901
3025.09	0.0921
3028.38	0.0927
3032.88	0.0925
3036.10	0.0887
3038.34	0.0929
3039.43	0.0937
3041.73	0.0945
3042.82	0.0976
3044.20	0.0981
3046.13	0.0898
3047.20	0.0926
3048.23	0.0917
3050.53	0.0933
3051.61	0.0920
3054.05	0.0938
3055.04	0.0941
3055.99	0.0935
3057.05	0.0948
3058.19	0.0940
3059.52	0.0936
3060.50	0.0930
3061.65	0.0944
3063.80	0.0937
3068.14	0.0872
3070.40	0.0908
3074.64	0.0926
3077.00	0.0928
3079.04	0.0932
3081.33	0.0950
3083.46	0.0901
3085.73	0.0901
3087.84	0.0878
3090.13	0.0897
3092.24	0.0899
3094.53	0.0866
3096.64	0.0908
3098.94	0.0893
3099.80	0.0876
3100.90	0.0869
3101.07	0.0888
3105.43	0.0912
3106.35	0.0915
3106.61	0.0906
3108.81	0.0891
3111.05	0.0890
3115.10	0.0920
3116.60	0.0911
3119.40	0.0902
3120.50	0.0940
3122.10	0.0929
3125.50	0.0889
3127.05	0.0901
3127.61	0.0920
3128.70	0.0923
3130.90	0.0914
3132.10	0.0880
3133.65	0.0887
3134.30	0.0905
3135.30	0.0921
3137.50	0.0939
3139.74	0.0899
3141.99	0.0926
3144.19	0.0917
3145.26	0.0923
3146.34	0.0881
3147.40	0.0881
3148.56	0.0868
3150.80	0.0905
3151.73	0.0898
3152.98	0.0918
3153.87	0.0911
3155.19	0.0955
3157.22	0.0885
3159.59	0.0903
3160.56	0.0921
3163.80	0.0897
3166.20	0.0914
3167.07	0.0878
3168.35	0.0874
3170.57	0.0878
3172.80	0.0864
3173.73	0.0902
3174.99	0.0878
3177.16	0.0887
3179.36	0.0897
3180.45	0.0922
3182.51	0.0884
3185.81	0.0883
3186.94	0.0867
3188.15	0.0910
3189.26	0.0958
3190.24	0.0904
3194.77	0.0921
3197.01	0.0926
3198.99	0.0908
3203.24	0.0917
3205.82	0.0924
3207.74	0.0912
3209.89	0.0919
3212.20	0.0899
3214.29	0.0888
3216.47	0.0908
3221.09	0.0877
3223.45	0.0908
3225.70	0.0923
3227.93	0.0890
3229.94	0.0894
3234.36	0.0945
3243.18	0.0869
3247.59	0.0923
3249.84	0.0878
3253.00	0.0901
3254.10	0.0932
