0	0.46841	0.02658
0.5	0.47627	0.026187
1	0.48415	0.025793
1.5	0.49203	0.025399
2	0.49989	0.025005
2.5	0.50775	0.024612
3	0.5156	0.02422
3.5	0.52343	0.023829
4	0.53123	0.023439
4.5	0.53899	0.02305
5	0.54671	0.022665
5.5	0.55436	0.022282
6	0.56192	0.021904
6.5	0.56936	0.021532
7	0.57664	0.021168
7.5	0.58368	0.020816
8	0.59042	0.020479
8.5	0.59674	0.020163
9	0.60248	0.019876
9.5	0.60744	0.019628
10	0.61133	0.019434
10.5	0.61464	0.019268
11	0.61794	0.019103
11.5	0.62123	0.018939
12	0.6245	0.018775
12.5	0.62775	0.018612
13	0.63099	0.018451
13.5	0.63421	0.018289
14	0.63742	0.018129
14.5	0.64061	0.017969
15	0.64379	0.01781
15.5	0.64695	0.017652
16	0.6501	0.017495
16.5	0.65323	0.017338
17	0.65635	0.017183
17.5	0.65945	0.017028
18	0.66254	0.016873
18.5	0.66561	0.01672
19	0.66866	0.016567
19.5	0.6717	0.016415
20	0.67473	0.016264
20.5	0.67774	0.016113
21	0.68073	0.015963
21.5	0.68371	0.015814
22	0.68668	0.015666
22.5	0.68962	0.015519
23	0.69256	0.015372
23.5	0.69548	0.015226
24	0.69838	0.015081
24.5	0.70127	0.014937
25	0.70414	0.014793
25.5	0.707	0.01465
26	0.70984	0.014508
26.5	0.71267	0.014367
27	0.71548	0.014226
27.5	0.71827	0.014086
28	0.72105	0.013947
28.5	0.72382	0.013809
29	0.72657	0.013671
29.5	0.72931	0.013535
30	0.73203	0.013399
30.5	0.73473	0.013263
31	0.73742	0.013129
31.5	0.74009	0.012995
32	0.74275	0.012862
32.5	0.7454	0.01273
33	0.74803	0.012599
33.5	0.75064	0.012468
34	0.75324	0.012338
34.5	0.75582	0.012209
35	0.75839	0.012081
35.5	0.76094	0.011953
36	0.76348	0.011826
36.5	0.766	0.0117
37	0.76851	0.011575
37.5	0.771	0.01145
38	0.77347	0.011326
38.5	0.77593	0.011203
39	0.77838	0.011081
39.5	0.78081	0.01096
40	0.78322	0.010839
40.5	0.78562	0.010719
41	0.78801	0.0106
41.5	0.79038	0.010481
42	0.79273	0.010363
42.5	0.79507	0.010246
43	0.79739	0.01013
43.5	0.7997	0.010015
44	0.802	0.0099002
44.5	0.80427	0.0097863
45	0.80654	0.0096732
45.5	0.80878	0.0095608
46	0.81102	0.0094492
46.5	0.81323	0.0093384
47	0.81543	0.0092283
47.5	0.81762	0.009119
48	0.81979	0.0090105
48.5	0.82195	0.0089027
49	0.82409	0.0087956
49.5	0.82621	0.0086894
50	0.82832	0.0085839
50.5	0.83042	0.0084791
51	0.8325	0.0083752
51.5	0.83456	0.0082719
52	0.83661	0.0081695
52.5	0.83864	0.0080678
53	0.84066	0.0079669
53.5	0.84267	0.0078667
54	0.84465	0.0077673
54.5	0.84663	0.0076687
55	0.84858	0.0075708
55.5	0.85053	0.0074737
56	0.85245	0.0073773
56.5	0.85436	0.0072818
57	0.85626	0.0071869
57.5	0.85814	0.0070929
58	0.86001	0.0069996
58.5	0.86186	0.006907
59	0.86369	0.0068153
59.5	0.86552	0.0067242
60	0.86732	0.006634
60.5	0.86911	0.0065445
61	0.87088	0.0064558
61.5	0.87264	0.0063678
62	0.87439	0.0062806
62.5	0.87612	0.0061942
63	0.87783	0.0061085
63.5	0.87953	0.0060236
64	0.88121	0.0059394
64.5	0.88288	0.005856
65	0.88453	0.0057734
65.5	0.88617	0.0056916
66	0.88779	0.0056105
66.5	0.8894	0.0055301
67	0.89099	0.0054505
67.5	0.89257	0.0053717
68	0.89413	0.0052937
68.5	0.89567	0.0052164
69	0.8972	0.0051399
69.5	0.89872	0.0050641
70	0.90022	0.0049891
70.5	0.9017	0.0049149
71	0.90317	0.0048414
71.5	0.90463	0.0047687
72	0.90607	0.0046967
72.5	0.90749	0.0046255
73	0.9089	0.0045551
73.5	0.91029	0.0044855
74	0.91167	0.0044166
74.5	0.91303	0.0043484
75	0.91438	0.004281
75.5	0.91571	0.0042144
76	0.91703	0.0041486
76.5	0.91833	0.0040835
77	0.91962	0.0040192
77.5	0.92089	0.0039556
78	0.92214	0.0038928
78.5	0.92338	0.0038308
79	0.92461	0.0037695
79.5	0.92582	0.003709
80	0.92702	0.0036492
80.5	0.92819	0.0035903
81	0.92936	0.003532
81.5	0.93051	0.0034746
82	0.93164	0.0034179
82.5	0.93276	0.0033619
83	0.93386	0.0033068
83.5	0.93495	0.0032523
84	0.93603	0.0031987
84.5	0.93708	0.0031458
85	0.93813	0.0030937
85.5	0.93915	0.0030423
86	0.94017	0.0029917
86.5	0.94116	0.0029419
87	0.94214	0.0028928
87.5	0.94311	0.0028445
88	0.94406	0.0027969
88.5	0.945	0.0027502
89	0.94592	0.0027041
89.5	0.94682	0.0026589
90	0.94771	0.0026144
90.5	0.94859	0.0025706
91	0.94945	0.0025277
91.5	0.95029	0.0024855
92	0.95112	0.002444
92.5	0.95193	0.0024033
93	0.95273	0.0023634
93.5	0.95352	0.0023242
94	0.95428	0.0022858
94.5	0.95504	0.0022482
95	0.95577	0.0022113
95.5	0.9565	0.0021752
96	0.9572	0.0021399
96.5	0.95789	0.0021053
97	0.95857	0.0020715
97.5	0.95923	0.0020384
98	0.95988	0.0020061
98.5	0.96051	0.0019746
99	0.96112	0.0019438
99.5	0.96172	0.0019138
100	0.96231	0.0018845
100.5	0.96282	0.001859
101	0.96332	0.0018339
101.5	0.96381	0.0018093
102	0.9643	0.001785
102.5	0.96478	0.0017611
103	0.96525	0.0017377
103.5	0.96571	0.0017146
104	0.96616	0.0016919
104.5	0.96661	0.0016696
105	0.96705	0.0016476
105.5	0.96748	0.001626
106	0.96791	0.0016047
106.5	0.96832	0.0015838
107	0.96874	0.0015632
107.5	0.96914	0.001543
108	0.96954	0.001523
108.5	0.96993	0.0015034
109	0.97032	0.0014841
109.5	0.9707	0.0014651
110	0.97107	0.0014464
110.5	0.97144	0.001428
111	0.9718	0.0014099
111.5	0.97216	0.0013921
112	0.97251	0.0013745
112.5	0.97286	0.0013572
113	0.9732	0.0013402
113.5	0.97353	0.0013234
114	0.97386	0.0013069
114.5	0.97419	0.0012906
115	0.97451	0.0012746
115.5	0.97482	0.0012588
116	0.97513	0.0012433
116.5	0.97544	0.001228
117	0.97574	0.0012129
117.5	0.97604	0.001198
118	0.97633	0.0011834
118.5	0.97662	0.001169
119	0.9769	0.0011548
119.5	0.97718	0.0011409
120	0.97746	0.0011271
120.5	0.97773	0.0011134
121	0.978	0.0011
121.5	0.97826	0.0010869
122	0.97852	0.0010739
122.5	0.97878	0.001061
123	0.97903	0.0010483
123.5	0.97928	0.0010359
124	0.97953	0.0010236
124.5	0.97977	0.0010114
125	0.98001	0.00099947
125.5	0.98024	0.00098776
126	0.98048	0.00097615
126.5	0.98071	0.00096464
127	0.98093	0.00095336
127.5	0.98116	0.00094218
128	0.98138	0.00093123
128.5	0.98159	0.00092036
129	0.98181	0.00090958
129.5	0.98202	0.00089903
130	0.98223	0.0008887
130.5	0.98243	0.00087846
131	0.98263	0.00086828
131.5	0.98284	0.00085818
132	0.98303	0.00084831
132.5	0.98323	0.00083866
133	0.98342	0.00082892
133.5	0.98361	0.00081957
134	0.9838	0.00081011
134.5	0.98398	0.00080088
135	0.98417	0.0007917
135.5	0.98434	0.00078275
136	0.98452	0.00077386
136.5	0.9847	0.00076501
137	0.98487	0.0007564
137.5	0.98504	0.00074783
138	0.98521	0.0007393
138.5	0.98538	0.00073101
139	0.98554	0.00072276
139.5	0.98571	0.00071454
140	0.98587	0.00070656
140.5	0.98603	0.00069862
141	0.98619	0.00069071
141.5	0.98634	0.00068283
142	0.9865	0.00067519
142.5	0.98665	0.00066757
143	0.9868	0.0006602
143.5	0.98694	0.00065286
144	0.98709	0.00064554
144.5	0.98724	0.00063824
145	0.98738	0.00063097
145.5	0.98752	0.00062394
146	0.98766	0.00061693
146.5	0.9878	0.00061017
147	0.98794	0.0006032
147.5	0.98807	0.00059647
148	0.9882	0.00059
148.5	0.98833	0.00058331
149	0.98846	0.00057687
149.5	0.98859	0.00057045
150	0.98872	0.00056403
150.5	0.98885	0.00055763
151	0.98897	0.00055149
151.5	0.98909	0.00054536
152	0.98922	0.00053923
152.5	0.98934	0.00053312
153	0.98945	0.00052727
153.5	0.98957	0.00052143
154	0.98969	0.00051559
154.5	0.9898	0.00050976
155	0.98992	0.00050393
155.5	0.99003	0.00049838
156	0.99014	0.00049283
156.5	0.99025	0.00048728
157	0.99037	0.00048173
157.5	0.99047	0.00047647
158	0.99058	0.00047092
158.5	0.99069	0.00046566
159	0.99079	0.0004604
159.5	0.9909	0.00045513
160	0.991	0.00045016
160.5	0.9911	0.00044489
161	0.9912	0.00043991
161.5	0.9913	0.00043493
162	0.9914	0.00042995
162.5	0.99149	0.00042527
163	0.99159	0.00042028
163.5	0.99169	0.0004156
164	0.99178	0.00041091
164.5	0.99188	0.00040621
165	0.99197	0.00040151
165.5	0.99206	0.0003968
166	0.99215	0.00039241
166.5	0.99225	0.00038768
167	0.99233	0.00038328
167.5	0.99242	0.00037887
168	0.99251	0.00037444
168.5	0.99259	0.00037036
169	0.99268	0.00036592
169.5	0.99276	0.00036182
170	0.99285	0.00035736
170.5	0.99294	0.00035323
171	0.99302	0.0003491
171.5	0.9931	0.00034496
172	0.99318	0.00034117
172.5	0.99326	0.00033701
173	0.99334	0.00033283
173.5	0.99342	0.00032901
174	0.9935	0.00032518
174.5	0.99357	0.00032134
175	0.99365	0.00031749
175.5	0.99373	0.00031363
176	0.99381	0.00030975
176.5	0.99388	0.00030624
177	0.99395	0.00030234
177.5	0.99402	0.00029881
178	0.99409	0.00029527
178.5	0.99417	0.00029133
179	0.99424	0.00028776
179.5	0.99432	0.00028419
180	0.99438	0.000281
180.5	0.99445	0.0002774
181	0.99452	0.00027378
181.5	0.99459	0.00027056
182	0.99466	0.00026691
182.5	0.99473	0.00026367
183	0.99479	0.00026041
183.5	0.99486	0.00025714
184	0.99492	0.00025386
184.5	0.99499	0.00025056
185	0.99506	0.00024725
185.5	0.99512	0.00024393
186	0.99518	0.00024102
186.5	0.99525	0.00023767
187	0.99531	0.00023473
187.5	0.99537	0.00023135
188	0.99543	0.0002284
188.5	0.99549	0.00022543
189	0.99555	0.00022245
189.5	0.99561	0.00021945
190	0.99567	0.00021645
190.5	0.99573	0.00021343
191	0.99579	0.00021039
191.5	0.99584	0.0002078
192	0.99591	0.00020474
192.5	0.99597	0.00020167
193	0.99602	0.00019904
193.5	0.99607	0.0001964
194	0.99613	0.00019329
194.5	0.99619	0.00019062
195	0.99624	0.00018795
195.5	0.99629	0.00018526
196	0.99635	0.00018257
196.5	0.9964	0.00017986
197	0.99646	0.00017713
197.5	0.99651	0.00017439
198	0.99657	0.00017164
198.5	0.99661	0.00016937
199	0.99667	0.0001666
199.5	0.99672	0.00016381
200	0.99677	0.0001615
200.5	0.99682	0.000159
201	0.99686	0.000157
201.5	0.9969	0.000155
202	0.99695	0.0001525
202.5	0.99699	0.0001505
203	0.99703	0.0001485
203.5	0.99707	0.0001465
204	0.99711	0.0001445
204.5	0.99715	0.0001425
205	0.99719	0.0001405
205.5	0.99723	0.0001385
206	0.99727	0.0001365
206.5	0.9973	0.000135
207	0.99734	0.000133
207.5	0.99738	0.000131
208	0.99741	0.0001295
208.5	0.99745	0.0001275
209	0.99748	0.000126
209.5	0.99752	0.000124
210	0.99755	0.0001225
210.5	0.99759	0.0001205
211	0.99762	0.000119
211.5	0.99765	0.0001175
212	0.99768	0.000116
212.5	0.99772	0.000114
213	0.99775	0.0001125
213.5	0.99778	0.000111
214	0.99781	0.0001095
214.5	0.99784	0.000108
215	0.99787	0.0001065
215.5	0.9979	0.000105
216	0.99793	0.0001035
216.5	0.99796	0.000102
217	0.99798	0.000101
217.5	0.99801	9.95e-05
218	0.99804	9.8e-05
218.5	0.99807	9.65e-05
219	0.99809	9.55e-05
219.5	0.99812	9.4e-05
220	0.99814	9.3e-05
220.5	0.99817	9.15e-05
221	0.9982	9e-05
221.5	0.99822	8.9e-05
222	0.99824	8.8e-05
222.5	0.99827	8.65e-05
223	0.99829	8.55e-05
223.5	0.99832	8.4e-05
224	0.99834	8.3e-05
224.5	0.99836	8.2e-05
225	0.99838	8.1e-05
225.5	0.99841	7.95e-05
226	0.99843	7.85e-05
226.5	0.99845	7.75e-05
227	0.99847	7.65e-05
227.5	0.99849	7.55e-05
228	0.99851	7.45e-05
228.5	0.99853	7.35e-05
229	0.99855	7.25e-05
229.5	0.99857	7.15e-05
230	0.99859	7.05e-05
230.5	0.99861	6.95e-05
231	0.99863	6.85e-05
231.5	0.99865	6.75e-05
232	0.99867	6.65e-05
232.5	0.99869	6.55e-05
233	0.99871	6.45e-05
233.5	0.99872	6.4e-05
234	0.99874	6.3e-05
234.5	0.99876	6.2e-05
235	0.99878	6.1e-05
235.5	0.99879	6.05e-05
236	0.99881	5.95e-05
236.5	0.99883	5.85e-05
237	0.99884	5.8e-05
237.5	0.99886	5.7e-05
238	0.99887	5.65e-05
238.5	0.99889	5.55e-05
239	0.9989	5.5e-05
239.5	0.99892	5.4e-05
240	0.99893	5.35e-05
240.5	0.99895	5.25e-05
241	0.99896	5.2e-05
241.5	0.99898	5.1e-05
242	0.99899	5.05e-05
242.5	0.99901	4.95e-05
243	0.99902	4.9e-05
243.5	0.99903	4.85e-05
244	0.99905	4.75e-05
244.5	0.99906	4.7e-05
245	0.99907	4.65e-05
245.5	0.99908	4.6e-05
246	0.9991	4.5e-05
246.5	0.99911	4.45e-05
247	0.99912	4.4e-05
247.5	0.99913	4.35e-05
248	0.99915	4.25e-05
248.5	0.99916	4.2e-05
249	0.99917	4.15e-05
249.5	0.99918	4.1e-05
250	0.99919	4.05e-05
250.5	0.9992	4e-05
251	0.99921	3.95e-05
251.5	0.99922	3.9e-05
252	0.99924	3.8e-05
252.5	0.99925	3.75e-05
253	0.99926	3.7e-05
253.5	0.99927	3.65e-05
254	0.99928	3.6e-05
254.5	0.99929	3.55e-05
255	0.9993	3.5e-05
255.5	0.99931	3.45e-05
256	0.99932	3.4e-05
256.5	0.99932	3.4e-05
257	0.99933	3.35e-05
257.5	0.99934	3.3e-05
258	0.99935	3.25e-05
258.5	0.99936	3.2e-05
259	0.99937	3.15e-05
259.5	0.99938	3.1e-05
260	0.99939	3.05e-05
260.5	0.9994	3e-05
261	0.9994	3e-05
261.5	0.99941	2.95e-05
262	0.99942	2.9e-05
262.5	0.99943	2.85e-05
263	0.99944	2.8e-05
263.5	0.99944	2.8e-05
264	0.99945	2.75e-05
264.5	0.99946	2.7e-05
265	0.99947	2.65e-05
265.5	0.99947	2.65e-05
266	0.99948	2.6e-05
266.5	0.99949	2.55e-05
267	0.9995	2.5e-05
267.5	0.9995	2.5e-05
268	0.99951	2.45e-05
268.5	0.99952	2.4e-05
269	0.99952	2.4e-05
269.5	0.99953	2.35e-05
270	0.99954	2.3e-05
270.5	0.99954	2.3e-05
271	0.99955	2.25e-05
271.5	0.99955	2.25e-05
272	0.99956	2.2e-05
272.5	0.99957	2.15e-05
273	0.99957	2.15e-05
273.5	0.99958	2.1e-05
274	0.99958	2.1e-05
274.5	0.99959	2.05e-05
275	0.9996	2e-05
275.5	0.9996	2e-05
276	0.99961	1.95e-05
276.5	0.99961	1.95e-05
277	0.99962	1.9e-05
277.5	0.99962	1.9e-05
278	0.99963	1.85e-05
278.5	0.99963	1.85e-05
279	0.99964	1.8e-05
279.5	0.99964	1.8e-05
280	0.99965	1.75e-05
280.5	0.99965	1.75e-05
281	0.99966	1.7e-05
281.5	0.99966	1.7e-05
282	0.99967	1.65e-05
282.5	0.99967	1.65e-05
283	0.99968	1.6e-05
283.5	0.99968	1.6e-05
284	0.99968	1.6e-05
284.5	0.99969	1.55e-05
285	0.99969	1.55e-05
285.5	0.9997	1.5e-05
286	0.9997	1.5e-05
286.5	0.99971	1.45e-05
287	0.99971	1.45e-05
287.5	0.99971	1.45e-05
288	0.99972	1.4e-05
288.5	0.99972	1.4e-05
289	0.99973	1.35e-05
289.5	0.99973	1.35e-05
290	0.99973	1.35e-05
290.5	0.99974	1.3e-05
291	0.99974	1.3e-05
291.5	0.99974	1.3e-05
292	0.99975	1.25e-05
292.5	0.99975	1.25e-05
293	0.99975	1.25e-05
293.5	0.99976	1.2e-05
294	0.99976	1.2e-05
294.5	0.99976	1.2e-05
295	0.99977	1.15e-05
295.5	0.99977	1.15e-05
296	0.99977	1.15e-05
296.5	0.99978	1.1e-05
297	0.99978	1.1e-05
297.5	0.99978	1.1e-05
298	0.99979	1.05e-05
298.5	0.99979	1.05e-05
299	0.99979	1.05e-05
299.5	0.99979	1.05e-05
300	0.9998	1e-05
300.5	0.9998	1e-05
301	0.9998	1e-05
301.5	0.99981	9.5e-06
302	0.99981	9.5e-06
302.5	0.99981	9.5e-06
303	0.99981	9.5e-06
303.5	0.99982	9e-06
304	0.99982	9e-06
304.5	0.99982	9e-06
305	0.99982	9e-06
305.5	0.99983	8.5e-06
306	0.99983	8.5e-06
306.5	0.99983	8.5e-06
307	0.99983	8.5e-06
307.5	0.99984	8e-06
308	0.99984	8e-06
308.5	0.99984	8e-06
309	0.99984	8e-06
309.5	0.99984	8e-06
310	0.99985	7.5e-06
310.5	0.99985	7.5e-06
311	0.99985	7.5e-06
311.5	0.99985	7.5e-06
312	0.99985	7.5e-06
312.5	0.99986	7e-06
313	0.99986	7e-06
313.5	0.99986	7e-06
314	0.99986	7e-06
314.5	0.99986	7e-06
315	0.99987	6.5e-06
315.5	0.99987	6.5e-06
316	0.99987	6.5e-06
316.5	0.99987	6.5e-06
317	0.99987	6.5e-06
317.5	0.99987	6.5e-06
318	0.99988	6e-06
318.5	0.99988	6e-06
319	0.99988	6e-06
319.5	0.99988	6e-06
320	0.99988	6e-06
320.5	0.99988	6e-06
321	0.99989	5.5e-06
321.5	0.99989	5.5e-06
322	0.99989	5.5e-06
322.5	0.99989	5.5e-06
323	0.99989	5.5e-06
323.5	0.99989	5.5e-06
324	0.9999	5e-06
324.5	0.9999	5e-06
325	0.9999	5e-06
325.5	0.9999	5e-06
326	0.9999	5e-06
326.5	0.9999	5e-06
327	0.9999	5e-06
327.5	0.99991	4.5e-06
328	0.99991	4.5e-06
328.5	0.99991	4.5e-06
329	0.99991	4.5e-06
329.5	0.99991	4.5e-06
330	0.99991	4.5e-06
330.5	0.99991	4.5e-06
331	0.99991	4.5e-06
331.5	0.99992	4e-06
332	0.99992	4e-06
332.5	0.99992	4e-06
333	0.99992	4e-06
333.5	0.99992	4e-06
334	0.99992	4e-06
334.5	0.99992	4e-06
335	0.99992	4e-06
335.5	0.99992	4e-06
336	0.99993	3.5e-06
336.5	0.99993	3.5e-06
337	0.99993	3.5e-06
337.5	0.99993	3.5e-06
338	0.99993	3.5e-06
338.5	0.99993	3.5e-06
339	0.99993	3.5e-06
339.5	0.99993	3.5e-06
340	0.99993	3.5e-06
340.5	0.99993	3.5e-06
341	0.99993	3.5e-06
341.5	0.99994	3e-06
342	0.99994	3e-06
342.5	0.99994	3e-06
343	0.99994	3e-06
343.5	0.99994	3e-06
344	0.99994	3e-06
344.5	0.99994	3e-06
345	0.99994	3e-06
345.5	0.99994	3e-06
346	0.99994	3e-06
346.5	0.99994	3e-06
347	0.99994	3e-06
347.5	0.99995	2.5e-06
348	0.99995	2.5e-06
348.5	0.99995	2.5e-06
349	0.99995	2.5e-06
349.5	0.99995	2.5e-06
350	0.99995	2.5e-06
350.5	0.99995	2.5e-06
351	0.99995	2.5e-06
351.5	0.99995	2.5e-06
352	0.99995	2.5e-06
352.5	0.99995	2.5e-06
353	0.99995	2.5e-06
353.5	0.99995	2.5e-06
354	0.99995	2.5e-06
354.5	0.99996	2e-06
355	0.99996	2e-06
355.5	0.99996	2e-06
356	0.99996	2e-06
356.5	0.99996	2e-06
357	0.99996	2e-06
357.5	0.99996	2e-06
358	0.99996	2e-06
358.5	0.99996	2e-06
359	0.99996	2e-06
359.5	0.99996	2e-06
360	0.99996	2e-06
360.5	0.99996	2e-06
361	0.99996	2e-06
361.5	0.99996	2e-06
362	0.99996	2e-06
362.5	0.99996	2e-06
363	0.99996	2e-06
363.5	0.99996	2e-06
364	0.99997	1.5e-06
364.5	0.99997	1.5e-06
365	0.99997	1.5e-06
365.5	0.99997	1.5e-06
366	0.99997	1.5e-06
366.5	0.99997	1.5e-06
367	0.99997	1.5e-06
367.5	0.99997	1.5e-06
368	0.99997	1.5e-06
368.5	0.99997	1.5e-06
369	0.99997	1.5e-06
369.5	0.99997	1.5e-06
370	0.99997	1.5e-06
370.5	0.99997	1.5e-06
371	0.99997	1.5e-06
371.5	0.99997	1.5e-06
372	0.99997	1.5e-06
372.5	0.99997	1.5e-06
373	0.99997	1.5e-06
373.5	0.99997	1.5e-06
374	0.99997	1.5e-06
374.5	0.99997	1.5e-06
375	0.99997	1.5e-06
375.5	0.99997	1.5e-06
376	0.99998	1e-06
376.5	0.99998	1e-06
377	0.99998	1e-06
377.5	0.99998	1e-06
378	0.99998	1e-06
378.5	0.99998	1e-06
379	0.99998	1e-06
379.5	0.99998	1e-06
380	0.99998	1e-06
380.5	0.99998	1e-06
381	0.99998	1e-06
381.5	0.99998	1e-06
382	0.99998	1e-06
382.5	0.99998	1e-06
383	0.99998	1e-06
383.5	0.99998	1e-06
384	0.99998	1e-06
384.5	0.99998	1e-06
385	0.99998	1e-06
385.5	0.99998	1e-06
386	0.99998	1e-06
386.5	0.99998	1e-06
387	0.99998	1e-06
387.5	0.99998	1e-06
388	0.99998	1e-06
388.5	0.99998	1e-06
389	0.99998	1e-06
389.5	0.99998	1e-06
390	0.99998	1e-06
390.5	0.99998	1e-06
391	0.99998	1e-06
391.5	0.99998	1e-06
392	0.99998	1e-06
392.5	0.99998	1e-06
393	0.99998	1e-06
393.5	0.99998	1e-06
394	0.99998	1e-06
394.5	0.99999	5e-07
395	0.99999	5e-07
395.5	0.99999	5e-07
396	0.99999	5e-07
396.5	0.99999	5e-07
397	0.99999	5e-07
397.5	0.99999	5e-07
398	0.99999	5e-07
398.5	0.99999	5e-07
399	0.99999	5e-07
399.5	0.99999	5e-07
400	0.99999	5e-07
400.5	0.99999	5e-07
401	0.99999	5e-07
401.5	0.99999	5e-07
402	0.99999	5e-07
402.5	0.99999	5e-07
403	0.99999	5e-07
403.5	0.99999	5e-07
404	0.99999	5e-07
404.5	0.99999	5e-07
405	0.99999	5e-07
405.5	0.99999	5e-07
406	0.99999	5e-07
406.5	0.99999	5e-07
407	0.99999	5e-07
407.5	0.99999	5e-07
408	0.99999	5e-07
408.5	0.99999	5e-07
409	0.99999	5e-07
409.5	0.99999	5e-07
410	0.99999	5e-07
410.5	0.99999	5e-07
411	0.99999	5e-07
411.5	0.99999	5e-07
412	0.99999	5e-07
412.5	0.99999	5e-07
413	0.99999	5e-07
413.5	0.99999	5e-07
414	0.99999	5e-07
414.5	0.99999	5e-07
415	0.99999	5e-07
415.5	0.99999	5e-07
416	0.99999	5e-07
416.5	0.99999	5e-07
417	0.99999	5e-07
417.5	0.99999	5e-07
418	0.99999	5e-07
418.5	0.99999	5e-07
419	0.99999	5e-07
419.5	0.99999	5e-07
420	0.99999	5e-07
420.5	0.99999	5e-07
421	0.99999	5e-07
421.5	0.99999	5e-07
422	0.99999	5e-07
422.5	0.99999	5e-07
423	0.99999	5e-07
423.5	0.99999	5e-07
424	0.99999	5e-07
424.5	0.99999	5e-07
425	0.99999	5e-07
425.5	0.99999	5e-07
426	0.99999	5e-07
426.5	0.99999	5e-07
427	0.99999	5e-07
427.5	0.99999	5e-07
428	0.99999	5e-07
428.5	0.99999	5e-07
429	0.99999	5e-07
429.5	0.99999	5e-07
430	0.99999	5e-07
430.5	0.99999	5e-07
431	0.99999	5e-07
431.5	0.99999	5e-07
432	0.99999	5e-07
432.5	0.99999	5e-07
433	0.99999	5e-07
433.5	0.99999	5e-07
434	0.99999	5e-07
434.5	0.99999	5e-07
435	1	0
435.5	1	0
436	1	0
436.5	1	0
437	1	0
437.5	1	0
438	1	0
438.5	1	0
439	1	0
439.5	1	0
440	1	0
440.5	1	0
441	1	0
441.5	1	0
442	1	0
442.5	1	0
443	1	0
443.5	1	0
444	1	0
444.5	1	0
445	1	0
445.5	1	0
446	1	0
446.5	1	0
447	1	0
447.5	1	0
448	1	0
448.5	1	0
449	1	0
449.5	1	0
450	1	0
450.5	1	0
451	1	0
451.5	1	0
452	1	0
452.5	1	0
453	1	0
453.5	1	0
454	1	0
454.5	1	0
455	1	0
455.5	1	0
456	1	0
456.5	1	0
457	1	0
457.5	1	0
458	1	0
458.5	1	0
459	1	0
459.5	1	0
460	1	0
460.5	1	0
461	1	0
461.5	1	0
462	1	0
462.5	1	0
463	1	0
463.5	1	0
464	1	0
464.5	1	0
465	1	0
465.5	1	0
466	1	0
466.5	1	0
467	1	0
467.5	1	0
468	1	0
468.5	1	0
469	1	0
469.5	1	0
470	1	0
470.5	1	0
471	1	0
471.5	1	0
472	1	0
472.5	1	0
473	1	0
473.5	1	0
474	1	0
474.5	1	0
475	1	0
475.5	1	0
476	1	0
476.5	1	0
477	1	0
477.5	1	0
478	1	0
478.5	1	0
479	1	0
479.5	1	0
480	1	0
480.5	1	0
481	1	0
481.5	1	0
482	1	0
482.5	1	0
483	1	0
483.5	1	0
484	1	0
484.5	1	0
485	1	0
485.5	1	0
486	1	0
486.5	1	0
487	1	0
487.5	1	0
488	1	0
488.5	1	0
489	1	0
489.5	1	0
490	1	0
490.5	1	0
491	1	0
491.5	1	0
492	1	0
492.5	1	0
493	1	0
493.5	1	0
494	1	0
494.5	1	0
495	1	0
495.5	1	0
496	1	0
496.5	1	0
497	1	0
497.5	1	0
498	1	0
498.5	1	0
499	1	0
499.5	1	0
500	1	0
500.5	1	0
501	1	0
501.5	1	0
502	1	0
502.5	1	0
503	1	0
503.5	1	0
504	1	0
504.5	1	0
505	1	0
505.5	1	0
506	1	0
506.5	1	0
507	1	0
507.5	1	0
508	1	0
508.5	1	0
509	1	0
509.5	1	0
510	1	0
510.5	1	0
511	1	0
511.5	1	0
512	1	0
512.5	1	0
513	1	0
513.5	1	0
514	1	0
514.5	1	0
515	1	0
515.5	1	0
516	1	0
516.5	1	0
517	1	0
517.5	1	0
518	1	0
518.5	1	0
519	1	0
519.5	1	0
520	1	0
520.5	1	0
521	1	0
521.5	1	0
522	1	0
522.5	1	0
523	1	0
523.5	1	0
524	1	0
524.5	1	0
525	1	0
525.5	1	0
526	1	0
526.5	1	0
527	1	0
527.5	1	0
528	1	0
528.5	1	0
529	1	0
529.5	1	0
530	1	0
530.5	1	0
531	1	0
531.5	1	0
532	1	0
532.5	1	0
533	1	0
533.5	1	0
534	1	0
534.5	1	0
535	1	0
535.5	1	0
536	1	0
536.5	1	0
537	1	0
537.5	1	0
538	1	0
538.5	1	0
539	1	0
539.5	1	0
540	1	0
540.5	1	0
541	1	0
541.5	1	0
542	1	0
542.5	1	0
543	1	0
543.5	1	0
544	1	0
544.5	1	0
545	1	0
545.5	1	0
546	1	0
546.5	1	0
547	1	0
547.5	1	0
548	1	0
548.5	1	0
549	1	0
549.5	1	0
550	1	0
550.5	1	0
551	1	0
551.5	1	0
552	1	0
552.5	1	0
553	1	0
553.5	1	0
554	1	0
554.5	1	0
555	1	0
555.5	1	0
556	1	0
556.5	1	0
557	1	0
557.5	1	0
558	1	0
558.5	1	0
559	1	0
559.5	1	0
560	1	0
560.5	1	0
561	1	0
561.5	1	0
562	1	0
562.5	1	0
563	1	0
563.5	1	0
564	1	0
564.5	1	0
565	1	0
565.5	1	0
566	1	0
566.5	1	0
567	1	0
567.5	1	0
568	1	0
568.5	1	0
569	1	0
569.5	1	0
570	1	0
570.5	1	0
571	1	0
571.5	1	0
572	1	0
572.5	1	0
573	1	0
573.5	1	0
574	1	0
574.5	1	0
575	1	0
575.5	1	0
576	1	0
576.5	1	0
577	1	0
577.5	1	0
578	1	0
578.5	1	0
579	1	0
579.5	1	0
580	1	0
580.5	1	0
581	1	0
581.5	1	0
582	1	0
582.5	1	0
583	1	0
583.5	1	0
584	1	0
584.5	1	0
585	1	0
585.5	1	0
586	1	0
586.5	1	0
587	1	0
587.5	1	0
588	1	0
588.5	1	0
589	1	0
589.5	1	0
590	1	0
590.5	1	0
591	1	0
591.5	1	0
592	1	0
592.5	1	0
593	1	0
593.5	1	0
594	1	0
594.5	1	0
595	1	0
595.5	1	0
596	1	0
596.5	1	0
597	1	0
597.5	1	0
598	1	0
598.5	1	0
599	1	0
599.5	1	0
600	1	0
600.5	1	0
601	1	0
601.5	1	0
602	1	0
602.5	1	0
603	1	0
603.5	1	0
604	1	0
604.5	1	0
605	1	0
605.5	1	0
606	1	0
606.5	1	0
607	1	0
607.5	1	0
608	1	0
608.5	1	0
609	1	0
609.5	1	0
610	1	0
610.5	1	0
611	1	0
611.5	1	0
612	1	0
612.5	1	0
613	1	0
613.5	1	0
614	1	0
614.5	1	0
615	1	0
615.5	1	0
616	1	0
616.5	1	0
617	1	0
617.5	1	0
618	1	0
618.5	1	0
619	1	0
619.5	1	0
620	1	0
620.5	1	0
621	1	0
621.5	1	0
622	1	0
622.5	1	0
623	1	0
623.5	1	0
624	1	0
624.5	1	0
625	1	0
625.5	1	0
626	1	0
626.5	1	0
627	1	0
627.5	1	0
628	1	0
628.5	1	0
629	1	0
629.5	1	0
630	1	0
630.5	1	0
631	1	0
631.5	1	0
632	1	0
632.5	1	0
633	1	0
633.5	1	0
634	1	0
634.5	1	0
635	1	0
635.5	1	0
636	1	0
636.5	1	0
637	1	0
637.5	1	0
638	1	0
638.5	1	0
639	1	0
639.5	1	0
640	1	0
640.5	1	0
641	1	0
641.5	1	0
642	1	0
642.5	1	0
643	1	0
643.5	1	0
644	1	0
644.5	1	0
645	1	0
645.5	1	0
646	1	0
646.5	1	0
647	1	0
647.5	1	0
648	1	0
648.5	1	0
649	1	0
649.5	1	0
650	1	0
650.5	1	0
651	1	0
651.5	1	0
652	1	0
652.5	1	0
653	1	0
653.5	1	0
654	1	0
654.5	1	0
655	1	0
655.5	1	0
656	1	0
656.5	1	0
657	1	0
657.5	1	0
658	1	0
658.5	1	0
659	1	0
659.5	1	0
660	1	0
660.5	1	0
661	1	0
661.5	1	0
662	1	0
662.5	1	0
663	1	0
663.5	1	0
664	1	0
664.5	1	0
665	1	0
665.5	1	0
666	1	0
666.5	1	0
667	1	0
667.5	1	0
668	1	0
668.5	1	0
669	1	0
669.5	1	0
670	1	0
670.5	1	0
671	1	0
671.5	1	0
672	1	0
672.5	1	0
673	1	0
673.5	1	0
674	1	0
674.5	1	0
675	1	0
675.5	1	0
676	1	0
676.5	1	0
677	1	0
677.5	1	0
678	1	0
678.5	1	0
679	1	0
679.5	1	0
680	1	0
680.5	1	0
681	1	0
681.5	1	0
682	1	0
682.5	1	0
683	1	0
683.5	1	0
684	1	0
684.5	1	0
685	1	0
685.5	1	0
686	1	0
686.5	1	0
687	1	0
687.5	1	0
688	1	0
688.5	1	0
689	1	0
689.5	1	0
690	1	0
690.5	1	0
691	1	0
691.5	1	0
692	1	0
692.5	1	0
693	1	0
693.5	1	0
694	1	0
694.5	1	0
695	1	0
695.5	1	0
696	1	0
696.5	1	0
697	1	0
697.5	1	0
698	1	0
698.5	1	0
699	1	0
699.5	1	0
700	1	0
700.5	1	0
701	1	0
701.5	1	0
702	1	0
702.5	1	0
703	1	0
703.5	1	0
704	1	0
704.5	1	0
705	1	0
705.5	1	0
706	1	0
706.5	1	0
707	1	0
707.5	1	0
708	1	0
708.5	1	0
709	1	0
709.5	1	0
710	1	0
710.5	1	0
711	1	0
711.5	1	0
712	1	0
712.5	1	0
713	1	0
713.5	1	0
714	1	0
714.5	1	0
715	1	0
715.5	1	0
716	1	0
716.5	1	0
717	1	0
717.5	1	0
718	1	0
718.5	1	0
719	1	0
719.5	1	0
720	1	0
720.5	1	0
721	1	0
721.5	1	0
722	1	0
722.5	1	0
723	1	0
723.5	1	0
724	1	0
724.5	1	0
725	1	0
725.5	1	0
726	1	0
726.5	1	0
727	1	0
727.5	1	0
728	1	0
728.5	1	0
729	1	0
729.5	1	0
730	1	0
730.5	1	0
731	1	0
731.5	1	0
732	1	0
732.5	1	0
733	1	0
733.5	1	0
734	1	0
734.5	1	0
735	1	0
735.5	1	0
736	1	0
736.5	1	0
737	1	0
737.5	1	0
738	1	0
738.5	1	0
739	1	0
739.5	1	0
740	1	0
740.5	1	0
741	1	0
741.5	1	0
742	1	0
742.5	1	0
743	1	0
743.5	1	0
744	1	0
744.5	1	0
745	1	0
745.5	1	0
746	1	0
746.5	1	0
747	1	0
747.5	1	0
748	1	0
748.5	1	0
749	1	0
749.5	1	0
750	1	0
750.5	1	0
751	1	0
751.5	1	0
752	1	0
752.5	1	0
753	1	0
753.5	1	0
754	1	0
754.5	1	0
755	1	0
755.5	1	0
756	1	0
756.5	1	0
757	1	0
757.5	1	0
758	1	0
758.5	1	0
759	1	0
759.5	1	0
760	1	0
760.5	1	0
761	1	0
761.5	1	0
762	1	0
762.5	1	0
763	1	0
763.5	1	0
764	1	0
764.5	1	0
765	1	0
765.5	1	0
766	1	0
766.5	1	0
767	1	0
767.5	1	0
768	1	0
768.5	1	0
769	1	0
769.5	1	0
770	1	0
770.5	1	0
771	1	0
771.5	1	0
772	1	0
772.5	1	0
773	1	0
773.5	1	0
774	1	0
774.5	1	0
775	1	0
775.5	1	0
776	1	0
776.5	1	0
777	1	0
777.5	1	0
778	1	0
778.5	1	0
779	1	0
779.5	1	0
780	1	0
780.5	1	0
781	1	0
781.5	1	0
782	1	0
782.5	1	0
783	1	0
783.5	1	0
784	1	0
784.5	1	0
785	1	0
785.5	1	0
786	1	0
786.5	1	0
787	1	0
787.5	1	0
788	1	0
788.5	1	0
789	1	0
789.5	1	0
790	1	0
790.5	1	0
791	1	0
791.5	1	0
792	1	0
792.5	1	0
793	1	0
793.5	1	0
794	1	0
794.5	1	0
795	1	0
795.5	1	0
796	1	0
796.5	1	0
797	1	0
797.5	1	0
798	1	0
798.5	1	0
799	1	0
799.5	1	0
800	1	0
800.5	1	0
801	1	0
801.5	1	0
802	1	0
802.5	1	0
803	1	0
803.5	1	0
804	1	0
804.5	1	0
805	1	0
805.5	1	0
806	1	0
806.5	1	0
807	1	0
807.5	1	0
808	1	0
808.5	1	0
809	1	0
809.5	1	0
810	1	0
810.5	1	0
811	1	0
811.5	1	0
812	1	0
812.5	1	0
813	1	0
813.5	1	0
814	1	0
814.5	1	0
815	1	0
815.5	1	0
816	1	0
816.5	1	0
817	1	0
817.5	1	0
818	1	0
818.5	1	0
819	1	0
819.5	1	0
820	1	0
820.5	1	0
821	1	0
821.5	1	0
822	1	0
822.5	1	0
823	1	0
823.5	1	0
824	1	0
824.5	1	0
825	1	0
825.5	1	0
826	1	0
826.5	1	0
827	1	0
827.5	1	0
828	1	0
828.5	1	0
829	1	0
829.5	1	0
830	1	0
830.5	1	0
831	1	0
831.5	1	0
832	1	0
832.5	1	0
833	1	0
833.5	1	0
834	1	0
834.5	1	0
835	1	0
835.5	1	0
836	1	0
836.5	1	0
837	1	0
837.5	1	0
838	1	0
838.5	1	0
839	1	0
839.5	1	0
840	1	0
840.5	1	0
841	1	0
841.5	1	0
842	1	0
842.5	1	0
843	1	0
843.5	1	0
844	1	0
844.5	1	0
845	1	0
845.5	1	0
846	1	0
846.5	1	0
847	1	0
847.5	1	0
848	1	0
848.5	1	0
849	1	0
849.5	1	0
850	1	0
850.5	1	0
851	1	0
851.5	1	0
852	1	0
852.5	1	0
853	1	0
853.5	1	0
854	1	0
854.5	1	0
855	1	0
855.5	1	0
856	1	0
856.5	1	0
857	1	0
857.5	1	0
858	1	0
858.5	1	0
859	1	0
859.5	1	0
860	1	0
860.5	1	0
861	1	0
861.5	1	0
862	1	0
862.5	1	0
863	1	0
863.5	1	0
864	1	0
864.5	1	0
865	1	0
865.5	1	0
866	1	0
866.5	1	0
867	1	0
867.5	1	0
868	1	0
868.5	1	0
869	1	0
869.5	1	0
870	1	0
870.5	1	0
871	1	0
871.5	1	0
872	1	0
872.5	1	0
873	1	0
873.5	1	0
874	1	0
874.5	1	0
875	1	0
875.5	1	0
876	1	0
876.5	1	0
877	1	0
877.5	1	0
878	1	0
878.5	1	0
879	1	0
879.5	1	0
880	1	0
880.5	1	0
881	1	0
881.5	1	0
882	1	0
882.5	1	0
883	1	0
883.5	1	0
884	1	0
884.5	1	0
885	1	0
885.5	1	0
886	1	0
886.5	1	0
887	1	0
887.5	1	0
888	1	0
888.5	1	0
889	1	0
889.5	1	0
890	1	0
890.5	1	0
891	1	0
891.5	1	0
892	1	0
892.5	1	0
893	1	0
893.5	1	0
894	1	0
894.5	1	0
895	1	0
895.5	1	0
896	1	0
896.5	1	0
897	1	0
897.5	1	0
898	1	0
898.5	1	0
899	1	0
899.5	1	0
900	1	0
900.5	1	0
901	1	0
901.5	1	0
902	1	0
902.5	1	0
903	1	0
903.5	1	0
904	1	0
904.5	1	0
905	1	0
905.5	1	0
906	1	0
906.5	1	0
907	1	0
907.5	1	0
908	1	0
908.5	1	0
909	1	0
909.5	1	0
910	1	0
910.5	1	0
911	1	0
911.5	1	0
912	1	0
912.5	1	0
913	1	0
913.5	1	0
914	1	0
914.5	1	0
915	1	0
915.5	1	0
916	1	0
916.5	1	0
917	1	0
917.5	1	0
918	1	0
918.5	1	0
919	1	0
919.5	1	0
920	1	0
920.5	1	0
921	1	0
921.5	1	0
922	1	0
922.5	1	0
923	1	0
923.5	1	0
924	1	0
924.5	1	0
925	1	0
925.5	1	0
926	1	0
926.5	1	0
927	1	0
927.5	1	0
928	1	0
928.5	1	0
929	1	0
929.5	1	0
930	1	0
930.5	1	0
931	1	0
931.5	1	0
932	1	0
932.5	1	0
933	1	0
933.5	1	0
934	1	0
934.5	1	0
935	1	0
935.5	1	0
936	1	0
936.5	1	0
937	1	0
937.5	1	0
938	1	0
938.5	1	0
939	1	0
939.5	1	0
940	1	0
940.5	1	0
941	1	0
941.5	1	0
942	1	0
942.5	1	0
943	1	0
943.5	1	0
944	1	0
944.5	1	0
945	1	0
945.5	1	0
946	1	0
946.5	1	0
947	1	0
947.5	1	0
948	1	0
948.5	1	0
949	1	0
949.5	1	0
950	1	0
950.5	1	0
951	1	0
951.5	1	0
952	1	0
952.5	1	0
953	1	0
953.5	1	0
954	1	0
954.5	1	0
955	1	0
955.5	1	0
956	1	0
956.5	1	0
957	1	0
957.5	1	0
958	1	0
958.5	1	0
959	1	0
959.5	1	0
960	1	0
960.5	1	0
961	1	0
961.5	1	0
962	1	0
962.5	1	0
963	1	0
963.5	1	0
964	1	0
964.5	1	0
965	1	0
965.5	1	0
966	1	0
966.5	1	0
967	1	0
967.5	1	0
968	1	0
968.5	1	0
969	1	0
969.5	1	0
970	1	0
970.5	1	0
971	1	0
971.5	1	0
972	1	0
972.5	1	0
973	1	0
973.5	1	0
974	1	0
974.5	1	0
975	1	0
975.5	1	0
976	1	0
976.5	1	0
977	1	0
977.5	1	0
978	1	0
978.5	1	0
979	1	0
979.5	1	0
980	1	0
980.5	1	0
981	1	0
981.5	1	0
982	1	0
982.5	1	0
983	1	0
983.5	1	0
984	1	0
984.5	1	0
985	1	0
985.5	1	0
986	1	0
986.5	1	0
987	1	0
987.5	1	0
988	1	0
988.5	1	0
989	1	0
989.5	1	0
990	1	0
990.5	1	0
991	1	0
991.5	1	0
992	1	0
992.5	1	0
993	1	0
993.5	1	0
994	1	0
994.5	1	0
995	1	0
995.5	1	0
996	1	0
996.5	1	0
997	1	0
997.5	1	0
998	1	0
998.5	1	0
999	1	0
999.5	1	0
1000	1	0
1000.5	1	0
1001	1	0
1001.5	1	0
1002	1	0
1002.5	1	0
1003	1	0
1003.5	1	0
1004	1	0
1004.5	1	0
1005	1	0
1005.5	1	0
1006	1	0
1006.5	1	0
1007	1	0
1007.5	1	0
1008	1	0
1008.5	1	0
1009	1	0
1009.5	1	0
1010	1	0
1010.5	1	0
1011	1	0
1011.5	1	0
1012	1	0
1012.5	1	0
1013	1	0
1013.5	1	0
1014	1	0
1014.5	1	0
1015	1	0
1015.5	1	0
1016	1	0
1016.5	1	0
1017	1	0
1017.5	1	0
1018	1	0
1018.5	1	0
1019	1	0
1019.5	1	0
1020	1	0
1020.5	1	0
1021	1	0
1021.5	1	0
1022	1	0
1022.5	1	0
1023	1	0
1023.5	1	0
1024	1	0
1024.5	1	0
1025	1	0
1025.5	1	0
1026	1	0
1026.5	1	0
1027	1	0
1027.5	1	0
1028	1	0
1028.5	1	0
1029	1	0
1029.5	1	0
1030	1	0
1030.5	1	0
1031	1	0
1031.5	1	0
1032	1	0
1032.5	1	0
1033	1	0
1033.5	1	0
1034	1	0
1034.5	1	0
1035	1	0
1035.5	1	0
1036	1	0
1036.5	1	0
1037	1	0
1037.5	1	0
1038	1	0
1038.5	1	0
1039	1	0
1039.5	1	0
1040	1	0
1040.5	1	0
1041	1	0
1041.5	1	0
1042	1	0
1042.5	1	0
1043	1	0
1043.5	1	0
1044	1	0
1044.5	1	0
1045	1	0
1045.5	1	0
1046	1	0
1046.5	1	0
1047	1	0
1047.5	1	0
1048	1	0
1048.5	1	0
1049	1	0
1049.5	1	0
1050	1	0
1050.5	1	0
1051	1	0
1051.5	1	0
1052	1	0
1052.5	1	0
1053	1	0
1053.5	1	0
1054	1	0
1054.5	1	0
1055	1	0
1055.5	1	0
1056	1	0
1056.5	1	0
1057	1	0
1057.5	1	0
1058	1	0
1058.5	1	0
1059	1	0
1059.5	1	0
1060	1	0
1060.5	1	0
1061	1	0
1061.5	1	0
1062	1	0
1062.5	1	0
1063	1	0
1063.5	1	0
1064	1	0
1064.5	1	0
1065	1	0
1065.5	1	0
1066	1	0
1066.5	1	0
1067	1	0
1067.5	1	0
1068	1	0
1068.5	1	0
1069	1	0
1069.5	1	0
1070	1	0
1070.5	1	0
1071	1	0
1071.5	1	0
1072	1	0
1072.5	1	0
1073	1	0
1073.5	1	0
1074	1	0
1074.5	1	0
1075	1	0
1075.5	1	0
1076	1	0
1076.5	1	0
1077	1	0
1077.5	1	0
1078	1	0
1078.5	1	0
1079	1	0
1079.5	1	0
1080	1	0
1080.5	1	0
1081	1	0
1081.5	1	0
1082	1	0
1082.5	1	0
1083	1	0
1083.5	1	0
1084	1	0
1084.5	1	0
1085	1	0
1085.5	1	0
1086	1	0
1086.5	1	0
1087	1	0
1087.5	1	0
1088	1	0
1088.5	1	0
1089	1	0
1089.5	1	0
1090	1	0
1090.5	1	0
1091	1	0
1091.5	1	0
1092	1	0
1092.5	1	0
1093	1	0
1093.5	1	0
1094	1	0
1094.5	1	0
1095	1	0
1095.5	1	0
1096	1	0
1096.5	1	0
1097	1	0
1097.5	1	0
1098	1	0
1098.5	1	0
1099	1	0
1099.5	1	0
1100	1	0
1100.5	1	0
1101	1	0
1101.5	1	0
1102	1	0
1102.5	1	0
1103	1	0
1103.5	1	0
1104	1	0
1104.5	1	0
1105	1	0
1105.5	1	0
1106	1	0
1106.5	1	0
1107	1	0
1107.5	1	0
1108	1	0
1108.5	1	0
1109	1	0
1109.5	1	0
1110	1	0
1110.5	1	0
1111	1	0
1111.5	1	0
1112	1	0
1112.5	1	0
1113	1	0
1113.5	1	0
1114	1	0
1114.5	1	0
1115	1	0
1115.5	1	0
1116	1	0
1116.5	1	0
1117	1	0
1117.5	1	0
1118	1	0
1118.5	1	0
1119	1	0
1119.5	1	0
1120	1	0
1120.5	1	0
1121	1	0
1121.5	1	0
1122	1	0
1122.5	1	0
1123	1	0
1123.5	1	0
1124	1	0
1124.5	1	0
1125	1	0
1125.5	1	0
1126	1	0
1126.5	1	0
1127	1	0
1127.5	1	0
1128	1	0
1128.5	1	0
1129	1	0
1129.5	1	0
1130	1	0
1130.5	1	0
1131	1	0
1131.5	1	0
1132	1	0
1132.5	1	0
1133	1	0
1133.5	1	0
1134	1	0
1134.5	1	0
1135	1	0
1135.5	1	0
1136	1	0
1136.5	1	0
1137	1	0
1137.5	1	0
1138	1	0
1138.5	1	0
1139	1	0
1139.5	1	0
1140	1	0
1140.5	1	0
1141	1	0
1141.5	1	0
1142	1	0
1142.5	1	0
1143	1	0
1143.5	1	0
1144	1	0
1144.5	1	0
1145	1	0
1145.5	1	0
1146	1	0
1146.5	1	0
1147	1	0
1147.5	1	0
1148	1	0
1148.5	1	0
1149	1	0
1149.5	1	0
1150	1	0
1150.5	1	0
1151	1	0
1151.5	1	0
1152	1	0
1152.5	1	0
1153	1	0
1153.5	1	0
1154	1	0
1154.5	1	0
1155	1	0
1155.5	1	0
1156	1	0
1156.5	1	0
1157	1	0
1157.5	1	0
1158	1	0
1158.5	1	0
1159	1	0
1159.5	1	0
1160	1	0
1160.5	1	0
1161	1	0
1161.5	1	0
1162	1	0
1162.5	1	0
1163	1	0
1163.5	1	0
1164	1	0
1164.5	1	0
1165	1	0
1165.5	1	0
1166	1	0
1166.5	1	0
1167	1	0
1167.5	1	0
1168	1	0
1168.5	1	0
1169	1	0
1169.5	1	0
1170	1	0
1170.5	1	0
1171	1	0
1171.5	1	0
1172	1	0
1172.5	1	0
1173	1	0
1173.5	1	0
1174	1	0
1174.5	1	0
1175	1	0
1175.5	1	0
1176	1	0
1176.5	1	0
1177	1	0
1177.5	1	0
1178	1	0
1178.5	1	0
1179	1	0
1179.5	1	0
1180	1	0
1180.5	1	0
1181	1	0
1181.5	1	0
1182	1	0
1182.5	1	0
1183	1	0
1183.5	1	0
1184	1	0
1184.5	1	0
1185	1	0
1185.5	1	0
1186	1	0
1186.5	1	0
1187	1	0
1187.5	1	0
1188	1	0
1188.5	1	0
1189	1	0
1189.5	1	0
1190	1	0
1190.5	1	0
1191	1	0
1191.5	1	0
1192	1	0
1192.5	1	0
1193	1	0
1193.5	1	0
1194	1	0
1194.5	1	0
1195	1	0
1195.5	1	0
1196	1	0
1196.5	1	0
1197	1	0
1197.5	1	0
1198	1	0
1198.5	1	0
1199	1	0
1199.5	1	0
1200	1	0
1200.5	1	0
1201	1	0
1201.5	1	0
1202	1	0
1202.5	1	0
1203	1	0
1203.5	1	0
1204	1	0
1204.5	1	0
1205	1	0
1205.5	1	0
1206	1	0
1206.5	1	0
1207	1	0
1207.5	1	0
1208	1	0
1208.5	1	0
1209	1	0
1209.5	1	0
1210	1	0
1210.5	1	0
1211	1	0
1211.5	1	0
1212	1	0
1212.5	1	0
1213	1	0
1213.5	1	0
1214	1	0
1214.5	1	0
1215	1	0
1215.5	1	0
1216	1	0
1216.5	1	0
1217	1	0
1217.5	1	0
1218	1	0
1218.5	1	0
1219	1	0
1219.5	1	0
1220	1	0
1220.5	1	0
1221	1	0
1221.5	1	0
1222	1	0
1222.5	1	0
1223	1	0
1223.5	1	0
1224	1	0
1224.5	1	0
1225	1	0
1225.5	1	0
1226	1	0
1226.5	1	0
1227	1	0
1227.5	1	0
1228	1	0
1228.5	1	0
1229	1	0
1229.5	1	0
1230	1	0
1230.5	1	0
1231	1	0
1231.5	1	0
1232	1	0
1232.5	1	0
1233	1	0
1233.5	1	0
1234	1	0
1234.5	1	0
1235	1	0
1235.5	1	0
1236	1	0
1236.5	1	0
1237	1	0
1237.5	1	0
1238	1	0
1238.5	1	0
1239	1	0
1239.5	1	0
1240	1	0
1240.5	1	0
1241	1	0
1241.5	1	0
1242	1	0
1242.5	1	0
1243	1	0
1243.5	1	0
1244	1	0
1244.5	1	0
1245	1	0
1245.5	1	0
1246	1	0
1246.5	1	0
1247	1	0
1247.5	1	0
1248	1	0
1248.5	1	0
1249	1	0
1249.5	1	0
1250	1	0
1250.5	1	0
1251	1	0
1251.5	1	0
1252	1	0
1252.5	1	0
1253	1	0
1253.5	1	0
1254	1	0
1254.5	1	0
1255	1	0
1255.5	1	0
1256	1	0
1256.5	1	0
1257	1	0
1257.5	1	0
1258	1	0
1258.5	1	0
1259	1	0
1259.5	1	0
1260	1	0
1260.5	1	0
1261	1	0
1261.5	1	0
1262	1	0
1262.5	1	0
1263	1	0
1263.5	1	0
1264	1	0
1264.5	1	0
1265	1	0
1265.5	1	0
1266	1	0
1266.5	1	0
1267	1	0
1267.5	1	0
1268	1	0
1268.5	1	0
1269	1	0
1269.5	1	0
1270	1	0
1270.5	1	0
1271	1	0
1271.5	1	0
1272	1	0
1272.5	1	0
1273	1	0
1273.5	1	0
1274	1	0
1274.5	1	0
1275	1	0
1275.5	1	0
1276	1	0
1276.5	1	0
1277	1	0
1277.5	1	0
1278	1	0
1278.5	1	0
1279	1	0
1279.5	1	0
1280	1	0
1280.5	1	0
1281	1	0
1281.5	1	0
1282	1	0
1282.5	1	0
1283	1	0
1283.5	1	0
1284	1	0
1284.5	1	0
1285	1	0
1285.5	1	0
1286	1	0
1286.5	1	0
1287	1	0
1287.5	1	0
1288	1	0
1288.5	1	0
1289	1	0
1289.5	1	0
1290	1	0
1290.5	1	0
1291	1	0
1291.5	1	0
1292	1	0
1292.5	1	0
1293	1	0
1293.5	1	0
1294	1	0
1294.5	1	0
1295	1	0
1295.5	1	0
1296	1	0
1296.5	1	0
1297	1	0
1297.5	1	0
1298	1	0
1298.5	1	0
1299	1	0
1299.5	1	0
1300	1	0
1300.5	1	0
1301	1	0
1301.5	1	0
1302	1	0
1302.5	1	0
1303	1	0
1303.5	1	0
1304	1	0
1304.5	1	0
1305	1	0
1305.5	1	0
1306	1	0
1306.5	1	0
1307	1	0
1307.5	1	0
1308	1	0
1308.5	1	0
1309	1	0
1309.5	1	0
1310	1	0
1310.5	1	0
1311	1	0
1311.5	1	0
1312	1	0
1312.5	1	0
1313	1	0
1313.5	1	0
1314	1	0
1314.5	1	0
1315	1	0
1315.5	1	0
1316	1	0
1316.5	1	0
1317	1	0
1317.5	1	0
1318	1	0
1318.5	1	0
1319	1	0
1319.5	1	0
1320	1	0
1320.5	1	0
1321	1	0
1321.5	1	0
1322	1	0
1322.5	1	0
1323	1	0
1323.5	1	0
1324	1	0
1324.5	1	0
1325	1	0
1325.5	1	0
1326	1	0
1326.5	1	0
1327	1	0
1327.5	1	0
1328	1	0
1328.5	1	0
1329	1	0
1329.5	1	0
1330	1	0
1330.5	1	0
1331	1	0
1331.5	1	0
1332	1	0
1332.5	1	0
1333	1	0
1333.5	1	0
1334	1	0
1334.5	1	0
1335	1	0
1335.5	1	0
1336	1	0
1336.5	1	0
1337	1	0
1337.5	1	0
1338	1	0
1338.5	1	0
1339	1	0
1339.5	1	0
1340	1	0
1340.5	1	0
1341	1	0
1341.5	1	0
1342	1	0
1342.5	1	0
1343	1	0
1343.5	1	0
1344	1	0
1344.5	1	0
1345	1	0
1345.5	1	0
1346	1	0
1346.5	1	0
1347	1	0
1347.5	1	0
1348	1	0
1348.5	1	0
1349	1	0
1349.5	1	0
1350	1	0
1350.5	1	0
1351	1	0
1351.5	1	0
1352	1	0
1352.5	1	0
1353	1	0
1353.5	1	0
1354	1	0
1354.5	1	0
1355	1	0
1355.5	1	0
1356	1	0
1356.5	1	0
1357	1	0
1357.5	1	0
1358	1	0
1358.5	1	0
1359	1	0
1359.5	1	0
1360	1	0
1360.5	1	0
1361	1	0
1361.5	1	0
1362	1	0
1362.5	1	0
1363	1	0
1363.5	1	0
1364	1	0
1364.5	1	0
1365	1	0
1365.5	1	0
1366	1	0
1366.5	1	0
1367	1	0
1367.5	1	0
1368	1	0
1368.5	1	0
1369	1	0
1369.5	1	0
1370	1	0
1370.5	1	0
1371	1	0
1371.5	1	0
1372	1	0
1372.5	1	0
1373	1	0
1373.5	1	0
1374	1	0
1374.5	1	0
1375	1	0
1375.5	1	0
1376	1	0
1376.5	1	0
1377	1	0
1377.5	1	0
1378	1	0
1378.5	1	0
1379	1	0
1379.5	1	0
1380	1	0
1380.5	1	0
1381	1	0
1381.5	1	0
1382	1	0
1382.5	1	0
1383	1	0
1383.5	1	0
1384	1	0
1384.5	1	0
1385	1	0
1385.5	1	0
1386	1	0
1386.5	1	0
1387	1	0
1387.5	1	0
1388	1	0
1388.5	1	0
1389	1	0
1389.5	1	0
1390	1	0
1390.5	1	0
1391	1	0
1391.5	1	0
1392	1	0
1392.5	1	0
1393	1	0
1393.5	1	0
1394	1	0
1394.5	1	0
1395	1	0
1395.5	1	0
1396	1	0
1396.5	1	0
1397	1	0
1397.5	1	0
1398	1	0
1398.5	1	0
1399	1	0
1399.5	1	0
1400	1	0
1400.5	1	0
1401	1	0
1401.5	1	0
1402	1	0
1402.5	1	0
1403	1	0
1403.5	1	0
1404	1	0
1404.5	1	0
1405	1	0
1405.5	1	0
1406	1	0
1406.5	1	0
1407	1	0
1407.5	1	0
1408	1	0
1408.5	1	0
1409	1	0
1409.5	1	0
1410	1	0
1410.5	1	0
1411	1	0
1411.5	1	0
1412	1	0
1412.5	1	0
1413	1	0
1413.5	1	0
1414	1	0
1414.5	1	0
1415	1	0
1415.5	1	0
1416	1	0
1416.5	1	0
1417	1	0
1417.5	1	0
1418	1	0
1418.5	1	0
1419	1	0
1419.5	1	0
1420	1	0
1420.5	1	0
1421	1	0
1421.5	1	0
1422	1	0
1422.5	1	0
1423	1	0
1423.5	1	0
1424	1	0
1424.5	1	0
1425	1	0
1425.5	1	0
1426	1	0
1426.5	1	0
1427	1	0
1427.5	1	0
1428	1	0
1428.5	1	0
1429	1	0
1429.5	1	0
1430	1	0
1430.5	1	0
1431	1	0
1431.5	1	0
1432	1	0
1432.5	1	0
1433	1	0
1433.5	1	0
1434	1	0
1434.5	1	0
1435	1	0
1435.5	1	0
1436	1	0
1436.5	1	0
1437	1	0
1437.5	1	0
1438	1	0
1438.5	1	0
1439	1	0
1439.5	1	0
1440	1	0
1440.5	1	0
1441	1	0
1441.5	1	0
1442	1	0
1442.5	1	0
1443	1	0
1443.5	1	0
1444	1	0
1444.5	1	0
1445	1	0
1445.5	1	0
1446	1	0
1446.5	1	0
1447	1	0
1447.5	1	0
1448	1	0
1448.5	1	0
1449	1	0
1449.5	1	0
1450	1	0
1450.5	1	0
1451	1	0
1451.5	1	0
1452	1	0
1452.5	1	0
1453	1	0
1453.5	1	0
1454	1	0
1454.5	1	0
1455	1	0
1455.5	1	0
1456	1	0
1456.5	1	0
1457	1	0
1457.5	1	0
1458	1	0
1458.5	1	0
1459	1	0
1459.5	1	0
1460	1	0
1460.5	1	0
1461	1	0
1461.5	1	0
1462	1	0
1462.5	1	0
1463	1	0
1463.5	1	0
1464	1	0
1464.5	1	0
1465	1	0
1465.5	1	0
1466	1	0
1466.5	1	0
1467	1	0
1467.5	1	0
1468	1	0
1468.5	1	0
1469	1	0
1469.5	1	0
1470	1	0
1470.5	1	0
1471	1	0
1471.5	1	0
1472	1	0
1472.5	1	0
1473	1	0
1473.5	1	0
1474	1	0
1474.5	1	0
1475	1	0
1475.5	1	0
1476	1	0
1476.5	1	0
1477	1	0
1477.5	1	0
1478	1	0
1478.5	1	0
1479	1	0
1479.5	1	0
1480	1	0
1480.5	1	0
1481	1	0
1481.5	1	0
1482	1	0
1482.5	1	0
1483	1	0
1483.5	1	0
1484	1	0
1484.5	1	0
1485	1	0
1485.5	1	0
1486	1	0
1486.5	1	0
1487	1	0
1487.5	1	0
1488	1	0
1488.5	1	0
1489	1	0
1489.5	1	0
1490	1	0
1490.5	1	0
1491	1	0
1491.5	1	0
1492	1	0
1492.5	1	0
1493	1	0
1493.5	1	0
1494	1	0
1494.5	1	0
1495	1	0
1495.5	1	0
1496	1	0
1496.5	1	0
1497	1	0
1497.5	1	0
1498	1	0
1498.5	1	0
1499	1	0
1499.5	1	0
1500	1	0
1500.5	1	0
1501	1	0
1501.5	1	0
1502	1	0
1502.5	1	0
1503	1	0
1503.5	1	0
1504	1	0
1504.5	1	0
1505	1	0
1505.5	1	0
1506	1	0
1506.5	1	0
1507	1	0
1507.5	1	0
1508	1	0
1508.5	1	0
1509	1	0
1509.5	1	0
1510	1	0
1510.5	1	0
1511	1	0
1511.5	1	0
1512	1	0
1512.5	1	0
1513	1	0
1513.5	1	0
1514	1	0
1514.5	1	0
1515	1	0
1515.5	1	0
1516	1	0
1516.5	1	0
1517	1	0
1517.5	1	0
1518	1	0
1518.5	1	0
1519	1	0
1519.5	1	0
1520	1	0
1520.5	1	0
1521	1	0
1521.5	1	0
1522	1	0
1522.5	1	0
1523	1	0
1523.5	1	0
1524	1	0
1524.5	1	0
1525	1	0
1525.5	1	0
1526	1	0
1526.5	1	0
1527	1	0
1527.5	1	0
1528	1	0
1528.5	1	0
1529	1	0
1529.5	1	0
1530	1	0
1530.5	1	0
1531	1	0
1531.5	1	0
1532	1	0
1532.5	1	0
1533	1	0
1533.5	1	0
1534	1	0
1534.5	1	0
1535	1	0
1535.5	1	0
1536	1	0
1536.5	1	0
1537	1	0
1537.5	1	0
1538	1	0
1538.5	1	0
1539	1	0
1539.5	1	0
1540	1	0
1540.5	1	0
1541	1	0
1541.5	1	0
1542	1	0
1542.5	1	0
1543	1	0
1543.5	1	0
1544	1	0
1544.5	1	0
1545	1	0
1545.5	1	0
1546	1	0
1546.5	1	0
1547	1	0
1547.5	1	0
1548	1	0
1548.5	1	0
1549	1	0
1549.5	1	0
1550	1	0
1550.5	1	0
1551	1	0
1551.5	1	0
1552	1	0
1552.5	1	0
1553	1	0
1553.5	1	0
1554	1	0
1554.5	1	0
1555	1	0
1555.5	1	0
1556	1	0
1556.5	1	0
1557	1	0
1557.5	1	0
1558	1	0
1558.5	1	0
1559	1	0
1559.5	1	0
1560	1	0
1560.5	1	0
1561	1	0
1561.5	1	0
1562	1	0
1562.5	1	0
1563	1	0
1563.5	1	0
1564	1	0
1564.5	1	0
1565	1	0
1565.5	1	0
1566	1	0
1566.5	1	0
1567	1	0
1567.5	1	0
1568	1	0
1568.5	1	0
1569	1	0
1569.5	1	0
1570	1	0
1570.5	1	0
1571	1	0
1571.5	1	0
1572	1	0
1572.5	1	0
1573	1	0
1573.5	1	0
1574	1	0
1574.5	1	0
1575	1	0
1575.5	1	0
1576	1	0
1576.5	1	0
1577	1	0
1577.5	1	0
1578	1	0
1578.5	1	0
1579	1	0
1579.5	1	0
1580	1	0
1580.5	1	0
1581	1	0
1581.5	1	0
1582	1	0
1582.5	1	0
1583	1	0
1583.5	1	0
1584	1	0
1584.5	1	0
1585	1	0
1585.5	1	0
1586	1	0
1586.5	1	0
1587	1	0
1587.5	1	0
1588	1	0
1588.5	1	0
1589	1	0
1589.5	1	0
1590	1	0
1590.5	1	0
1591	1	0
1591.5	1	0
1592	1	0
1592.5	1	0
1593	1	0
1593.5	1	0
1594	1	0
1594.5	1	0
1595	1	0
1595.5	1	0
1596	1	0
1596.5	1	0
1597	1	0
1597.5	1	0
1598	1	0
1598.5	1	0
1599	1	0
1599.5	1	0
1600	1	0
1600.5	1	0
1601	1	0
1601.5	1	0
1602	1	0
1602.5	1	0
1603	1	0
1603.5	1	0
1604	1	0
1604.5	1	0
1605	1	0
1605.5	1	0
1606	1	0
1606.5	1	0
1607	1	0
1607.5	1	0
1608	1	0
1608.5	1	0
1609	1	0
1609.5	1	0
1610	1	0
1610.5	1	0
1611	1	0
1611.5	1	0
1612	1	0
1612.5	1	0
1613	1	0
1613.5	1	0
1614	1	0
1614.5	1	0
1615	1	0
1615.5	1	0
1616	1	0
1616.5	1	0
1617	1	0
1617.5	1	0
1618	1	0
1618.5	1	0
1619	1	0
1619.5	1	0
1620	1	0
1620.5	1	0
1621	1	0
1621.5	1	0
1622	1	0
1622.5	1	0
1623	1	0
1623.5	1	0
1624	1	0
1624.5	1	0
1625	1	0
1625.5	1	0
1626	1	0
1626.5	1	0
1627	1	0
1627.5	1	0
1628	1	0
1628.5	1	0
1629	1	0
1629.5	1	0
1630	1	0
1630.5	1	0
1631	1	0
1631.5	1	0
1632	1	0
1632.5	1	0
1633	1	0
1633.5	1	0
1634	1	0
1634.5	1	0
1635	1	0
1635.5	1	0
1636	1	0
1636.5	1	0
1637	1	0
1637.5	1	0
1638	1	0
1638.5	1	0
1639	1	0
1639.5	1	0
1640	1	0
1640.5	1	0
1641	1	0
1641.5	1	0
1642	1	0
1642.5	1	0
1643	1	0
1643.5	1	0
1644	1	0
1644.5	1	0
1645	1	0
1645.5	1	0
1646	1	0
1646.5	1	0
1647	1	0
1647.5	1	0
1648	1	0
1648.5	1	0
1649	1	0
1649.5	1	0
1650	1	0
1650.5	1	0
1651	1	0
1651.5	1	0
1652	1	0
1652.5	1	0
1653	1	0
1653.5	1	0
1654	1	0
1654.5	1	0
1655	1	0
1655.5	1	0
1656	1	0
1656.5	1	0
1657	1	0
1657.5	1	0
1658	1	0
1658.5	1	0
1659	1	0
1659.5	1	0
1660	1	0
1660.5	1	0
1661	1	0
1661.5	1	0
1662	1	0
1662.5	1	0
1663	1	0
1663.5	1	0
1664	1	0
1664.5	1	0
1665	1	0
1665.5	1	0
1666	1	0
1666.5	1	0
1667	1	0
1667.5	1	0
1668	1	0
1668.5	1	0
1669	1	0
1669.5	1	0
1670	1	0
1670.5	1	0
1671	1	0
1671.5	1	0
1672	1	0
1672.5	1	0
1673	1	0
1673.5	1	0
1674	1	0
1674.5	1	0
1675	1	0
1675.5	1	0
1676	1	0
1676.5	1	0
1677	1	0
1677.5	1	0
1678	1	0
1678.5	1	0
1679	1	0
1679.5	1	0
1680	1	0
1680.5	1	0
1681	1	0
1681.5	1	0
1682	1	0
1682.5	1	0
1683	1	0
1683.5	1	0
1684	1	0
1684.5	1	0
1685	1	0
1685.5	1	0
1686	1	0
1686.5	1	0
1687	1	0
1687.5	1	0
1688	1	0
1688.5	1	0
1689	1	0
1689.5	1	0
1690	1	0
1690.5	1	0
1691	1	0
1691.5	1	0
1692	1	0
1692.5	1	0
1693	1	0
1693.5	1	0
1694	1	0
1694.5	1	0
1695	1	0
1695.5	1	0
1696	1	0
1696.5	1	0
1697	1	0
1697.5	1	0
1698	1	0
1698.5	1	0
1699	1	0
1699.5	1	0
1700	1	0
1700.5	1	0
1701	1	0
1701.5	1	0
1702	1	0
1702.5	1	0
1703	1	0
1703.5	1	0
1704	1	0
1704.5	1	0
1705	1	0
1705.5	1	0
1706	1	0
1706.5	1	0
1707	1	0
1707.5	1	0
1708	1	0
1708.5	1	0
1709	1	0
1709.5	1	0
1710	1	0
1710.5	1	0
1711	1	0
1711.5	1	0
1712	1	0
1712.5	1	0
1713	1	0
1713.5	1	0
1714	1	0
1714.5	1	0
1715	1	0
1715.5	1	0
1716	1	0
1716.5	1	0
1717	1	0
1717.5	1	0
1718	1	0
1718.5	1	0
1719	1	0
1719.5	1	0
1720	1	0
1720.5	1	0
1721	1	0
1721.5	1	0
1722	1	0
1722.5	1	0
1723	1	0
1723.5	1	0
1724	1	0
1724.5	1	0
1725	1	0
1725.5	1	0
1726	1	0
1726.5	1	0
1727	1	0
1727.5	1	0
1728	1	0
1728.5	1	0
1729	1	0
1729.5	1	0
1730	1	0
1730.5	1	0
1731	1	0
1731.5	1	0
1732	1	0
1732.5	1	0
1733	1	0
1733.5	1	0
1734	1	0
1734.5	1	0
1735	1	0
1735.5	1	0
1736	1	0
1736.5	1	0
1737	1	0
1737.5	1	0
1738	1	0
1738.5	1	0
1739	1	0
1739.5	1	0
1740	1	0
1740.5	1	0
1741	1	0
1741.5	1	0
1742	1	0
1742.5	1	0
1743	1	0
1743.5	1	0
1744	1	0
1744.5	1	0
1745	1	0
1745.5	1	0
1746	1	0
1746.5	1	0
1747	1	0
1747.5	1	0
1748	1	0
1748.5	1	0
1749	1	0
1749.5	1	0
1750	1	0
1750.5	1	0
1751	1	0
1751.5	1	0
1752	1	0
1752.5	1	0
1753	1	0
1753.5	1	0
1754	1	0
1754.5	1	0
1755	1	0
1755.5	1	0
1756	1	0
1756.5	1	0
1757	1	0
1757.5	1	0
1758	1	0
1758.5	1	0
1759	1	0
1759.5	1	0
1760	1	0
1760.5	1	0
1761	1	0
1761.5	1	0
1762	1	0
1762.5	1	0
1763	1	0
1763.5	1	0
1764	1	0
1764.5	1	0
1765	1	0
1765.5	1	0
1766	1	0
1766.5	1	0
1767	1	0
1767.5	1	0
1768	1	0
1768.5	1	0
1769	1	0
1769.5	1	0
1770	1	0
1770.5	1	0
1771	1	0
1771.5	1	0
1772	1	0
1772.5	1	0
1773	1	0
1773.5	1	0
1774	1	0
1774.5	1	0
1775	1	0
1775.5	1	0
1776	1	0
1776.5	1	0
1777	1	0
1777.5	1	0
1778	1	0
1778.5	1	0
1779	1	0
1779.5	1	0
1780	1	0
1780.5	1	0
1781	1	0
1781.5	1	0
1782	1	0
1782.5	1	0
1783	1	0
1783.5	1	0
1784	1	0
1784.5	1	0
1785	1	0
1785.5	1	0
1786	1	0
1786.5	1	0
1787	1	0
1787.5	1	0
1788	1	0
1788.5	1	0
1789	1	0
1789.5	1	0
1790	1	0
1790.5	1	0
1791	1	0
1791.5	1	0
1792	1	0
1792.5	1	0
1793	1	0
1793.5	1	0
1794	1	0
1794.5	1	0
1795	1	0
1795.5	1	0
1796	1	0
1796.5	1	0
1797	1	0
1797.5	1	0
1798	1	0
1798.5	1	0
1799	1	0
1799.5	1	0
1800	1	0
1800.5	1	0
1801	1	0
1801.5	1	0
1802	1	0
1802.5	1	0
1803	1	0
1803.5	1	0
1804	1	0
1804.5	1	0
1805	1	0
1805.5	1	0
1806	1	0
1806.5	1	0
1807	1	0
1807.5	1	0
1808	1	0
1808.5	1	0
1809	1	0
1809.5	1	0
1810	1	0
1810.5	1	0
1811	1	0
1811.5	1	0
1812	1	0
1812.5	1	0
1813	1	0
1813.5	1	0
1814	1	0
1814.5	1	0
1815	1	0
1815.5	1	0
1816	1	0
1816.5	1	0
1817	1	0
1817.5	1	0
1818	1	0
1818.5	1	0
1819	1	0
1819.5	1	0
1820	1	0
1820.5	1	0
1821	1	0
1821.5	1	0
1822	1	0
1822.5	1	0
1823	1	0
1823.5	1	0
1824	1	0
1824.5	1	0
1825	1	0
1825.5	1	0
1826	1	0
1826.5	1	0
1827	1	0
1827.5	1	0
1828	1	0
1828.5	1	0
1829	1	0
1829.5	1	0
1830	1	0
1830.5	1	0
1831	1	0
1831.5	1	0
1832	1	0
1832.5	1	0
1833	1	0
1833.5	1	0
1834	1	0
1834.5	1	0
1835	1	0
1835.5	1	0
1836	1	0
1836.5	1	0
1837	1	0
1837.5	1	0
1838	1	0
1838.5	1	0
1839	1	0
1839.5	1	0
1840	1	0
1840.5	1	0
1841	1	0
1841.5	1	0
1842	1	0
1842.5	1	0
1843	1	0
1843.5	1	0
1844	1	0
1844.5	1	0
1845	1	0
1845.5	1	0
1846	1	0
1846.5	1	0
1847	1	0
1847.5	1	0
1848	1	0
1848.5	1	0
1849	1	0
1849.5	1	0
1850	1	0
1850.5	1	0
1851	1	0
1851.5	1	0
1852	1	0
1852.5	1	0
1853	1	0
1853.5	1	0
1854	1	0
1854.5	1	0
1855	1	0
1855.5	1	0
1856	1	0
1856.5	1	0
1857	1	0
1857.5	1	0
1858	1	0
1858.5	1	0
1859	1	0
1859.5	1	0
1860	1	0
1860.5	1	0
1861	1	0
1861.5	1	0
1862	1	0
1862.5	1	0
1863	1	0
1863.5	1	0
1864	1	0
1864.5	1	0
1865	1	0
1865.5	1	0
1866	1	0
1866.5	1	0
1867	1	0
1867.5	1	0
1868	1	0
1868.5	1	0
1869	1	0
1869.5	1	0
1870	1	0
1870.5	1	0
1871	1	0
1871.5	1	0
1872	1	0
1872.5	1	0
1873	1	0
1873.5	1	0
1874	1	0
1874.5	1	0
1875	1	0
1875.5	1	0
1876	1	0
1876.5	1	0
1877	1	0
1877.5	1	0
1878	1	0
1878.5	1	0
1879	1	0
1879.5	1	0
1880	1	0
1880.5	1	0
1881	1	0
1881.5	1	0
1882	1	0
1882.5	1	0
1883	1	0
1883.5	1	0
1884	1	0
1884.5	1	0
1885	1	0
1885.5	1	0
1886	1	0
1886.5	1	0
1887	1	0
1887.5	1	0
1888	1	0
1888.5	1	0
1889	1	0
1889.5	1	0
1890	1	0
1890.5	1	0
1891	1	0
1891.5	1	0
1892	1	0
1892.5	1	0
1893	1	0
1893.5	1	0
1894	1	0
1894.5	1	0
1895	1	0
1895.5	1	0
1896	1	0
1896.5	1	0
1897	1	0
1897.5	1	0
1898	1	0
1898.5	1	0
1899	1	0
1899.5	1	0
1900	1	0
1900.5	1	0
1901	1	0
1901.5	1	0
1902	1	0
1902.5	1	0
1903	1	0
1903.5	1	0
1904	1	0
1904.5	1	0
1905	1	0
1905.5	1	0
1906	1	0
1906.5	1	0
1907	1	0
1907.5	1	0
1908	1	0
1908.5	1	0
1909	1	0
1909.5	1	0
1910	1	0
1910.5	1	0
1911	1	0
1911.5	1	0
1912	1	0
1912.5	1	0
1913	1	0
1913.5	1	0
1914	1	0
1914.5	1	0
1915	1	0
1915.5	1	0
1916	1	0
1916.5	1	0
1917	1	0
1917.5	1	0
1918	1	0
1918.5	1	0
1919	1	0
1919.5	1	0
1920	1	0
1920.5	1	0
1921	1	0
1921.5	1	0
1922	1	0
1922.5	1	0
1923	1	0
1923.5	1	0
1924	1	0
1924.5	1	0
1925	1	0
1925.5	1	0
1926	1	0
1926.5	1	0
1927	1	0
1927.5	1	0
1928	1	0
1928.5	1	0
1929	1	0
1929.5	1	0
1930	1	0
1930.5	1	0
1931	1	0
1931.5	1	0
1932	1	0
1932.5	1	0
1933	1	0
1933.5	1	0
1934	1	0
1934.5	1	0
1935	1	0
1935.5	1	0
1936	1	0
1936.5	1	0
1937	1	0
1937.5	1	0
1938	1	0
1938.5	1	0
1939	1	0
1939.5	1	0
1940	1	0
1940.5	1	0
1941	1	0
1941.5	1	0
1942	1	0
1942.5	1	0
1943	1	0
1943.5	1	0
1944	1	0
1944.5	1	0
1945	1	0
1945.5	1	0
1946	1	0
1946.5	1	0
1947	1	0
1947.5	1	0
1948	1	0
1948.5	1	0
1949	1	0
1949.5	1	0
1950	1	0
1950.5	1	0
1951	1	0
1951.5	1	0
1952	1	0
1952.5	1	0
1953	1	0
1953.5	1	0
1954	1	0
1954.5	1	0
1955	1	0
1955.5	1	0
1956	1	0
1956.5	1	0
1957	1	0
1957.5	1	0
1958	1	0
1958.5	1	0
1959	1	0
1959.5	1	0
1960	1	0
1960.5	1	0
1961	1	0
1961.5	1	0
1962	1	0
1962.5	1	0
1963	1	0
1963.5	1	0
1964	1	0
1964.5	1	0
1965	1	0
1965.5	1	0
1966	1	0
1966.5	1	0
1967	1	0
1967.5	1	0
1968	1	0
1968.5	1	0
1969	1	0
1969.5	1	0
1970	1	0
1970.5	1	0
1971	1	0
1971.5	1	0
1972	1	0
1972.5	1	0
1973	1	0
1973.5	1	0
1974	1	0
1974.5	1	0
1975	1	0
1975.5	1	0
1976	1	0
1976.5	1	0
1977	1	0
1977.5	1	0
1978	1	0
1978.5	1	0
1979	1	0
1979.5	1	0
1980	1	0
1980.5	1	0
1981	1	0
1981.5	1	0
1982	1	0
1982.5	1	0
1983	1	0
1983.5	1	0
1984	1	0
1984.5	1	0
1985	1	0
1985.5	1	0
1986	1	0
1986.5	1	0
1987	1	0
1987.5	1	0
1988	1	0
1988.5	1	0
1989	1	0
1989.5	1	0
1990	1	0
1990.5	1	0
1991	1	0
1991.5	1	0
1992	1	0
1992.5	1	0
1993	1	0
1993.5	1	0
1994	1	0
1994.5	1	0
1995	1	0
1995.5	1	0
1996	1	0
1996.5	1	0
1997	1	0
1997.5	1	0
1998	1	0
1998.5	1	0
1999	1	0
1999.5	1	0
2000	1	0
2000.5	1	0
2001	1	0
2001.5	1	0
2002	1	0
2002.5	1	0
2003	1	0
2003.5	1	0
2004	1	0
2004.5	1	0
2005	1	0
2005.5	1	0
2006	1	0
2006.5	1	0
2007	1	0
2007.5	1	0
2008	1	0
2008.5	1	0
2009	1	0
2009.5	1	0
2010	1	0
2010.5	1	0
2011	1	0
2011.5	1	0
2012	1	0
2012.5	1	0
2013	1	0
2013.5	1	0
2014	1	0
2014.5	1	0
2015	1	0
2015.5	1	0
2016	1	0
2016.5	1	0
2017	1	0
2017.5	1	0
2018	1	0
2018.5	1	0
2019	1	0
2019.5	1	0
2020	1	0
2020.5	1	0
2021	1	0
2021.5	1	0
2022	1	0
2022.5	1	0
2023	1	0
2023.5	1	0
2024	1	0
2024.5	1	0
2025	1	0
2025.5	1	0
2026	1	0
2026.5	1	0
2027	1	0
2027.5	1	0
2028	1	0
2028.5	1	0
2029	1	0
2029.5	1	0
2030	1	0
2030.5	1	0
2031	1	0
2031.5	1	0
2032	1	0
2032.5	1	0
2033	1	0
2033.5	1	0
2034	1	0
2034.5	1	0
2035	1	0
2035.5	1	0
2036	1	0
2036.5	1	0
2037	1	0
2037.5	1	0
2038	1	0
2038.5	1	0
2039	1	0
2039.5	1	0
2040	1	0
2040.5	1	0
2041	1	0
2041.5	1	0
2042	1	0
2042.5	1	0
2043	1	0
2043.5	1	0
2044	1	0
2044.5	1	0
2045	1	0
2045.5	1	0
2046	1	0
2046.5	1	0
2047	1	0
2047.5	1	0
2048	1	0
2048.5	1	0
2049	1	0
2049.5	1	0
2050	1	0
2050.5	1	0
2051	1	0
2051.5	1	0
2052	1	0
2052.5	1	0
2053	1	0
2053.5	1	0
2054	1	0
2054.5	1	0
2055	1	0
2055.5	1	0
2056	1	0
2056.5	1	0
2057	1	0
2057.5	1	0
2058	1	0
2058.5	1	0
2059	1	0
2059.5	1	0
2060	1	0
2060.5	1	0
2061	1	0
2061.5	1	0
2062	1	0
2062.5	1	0
2063	1	0
2063.5	1	0
2064	1	0
2064.5	1	0
2065	1	0
2065.5	1	0
2066	1	0
2066.5	1	0
2067	1	0
2067.5	1	0
2068	1	0
2068.5	1	0
2069	1	0
2069.5	1	0
2070	1	0
2070.5	1	0
2071	1	0
2071.5	1	0
2072	1	0
2072.5	1	0
2073	1	0
2073.5	1	0
2074	1	0
2074.5	1	0
2075	1	0
2075.5	1	0
2076	1	0
2076.5	1	0
2077	1	0
2077.5	1	0
2078	1	0
2078.5	1	0
2079	1	0
2079.5	1	0
2080	1	0
2080.5	1	0
2081	1	0
2081.5	1	0
2082	1	0
2082.5	1	0
2083	1	0
2083.5	1	0
2084	1	0
2084.5	1	0
2085	1	0
2085.5	1	0
2086	1	0
2086.5	1	0
2087	1	0
2087.5	1	0
2088	1	0
2088.5	1	0
2089	1	0
2089.5	1	0
2090	1	0
2090.5	1	0
2091	1	0
2091.5	1	0
2092	1	0
2092.5	1	0
2093	1	0
2093.5	1	0
2094	1	0
2094.5	1	0
2095	1	0
2095.5	1	0
2096	1	0
2096.5	1	0
2097	1	0
2097.5	1	0
2098	1	0
2098.5	1	0
2099	1	0
2099.5	1	0
2100	1	0
2100.5	1	0
2101	1	0
2101.5	1	0
2102	1	0
2102.5	1	0
2103	1	0
2103.5	1	0
2104	1	0
2104.5	1	0
2105	1	0
2105.5	1	0
2106	1	0
2106.5	1	0
2107	1	0
2107.5	1	0
2108	1	0
2108.5	1	0
2109	1	0
2109.5	1	0
2110	1	0
2110.5	1	0
2111	1	0
2111.5	1	0
2112	1	0
2112.5	1	0
2113	1	0
2113.5	1	0
2114	1	0
2114.5	1	0
2115	1	0
2115.5	1	0
2116	1	0
2116.5	1	0
2117	1	0
2117.5	1	0
2118	1	0
2118.5	1	0
2119	1	0
2119.5	1	0
2120	1	0
2120.5	1	0
2121	1	0
2121.5	1	0
2122	1	0
2122.5	1	0
2123	1	0
2123.5	1	0
2124	1	0
2124.5	1	0
2125	1	0
2125.5	1	0
2126	1	0
2126.5	1	0
2127	1	0
2127.5	1	0
2128	1	0
2128.5	1	0
2129	1	0
2129.5	1	0
2130	1	0
2130.5	1	0
2131	1	0
2131.5	1	0
2132	1	0
2132.5	1	0
2133	1	0
2133.5	1	0
2134	1	0
2134.5	1	0
2135	1	0
2135.5	1	0
2136	1	0
2136.5	1	0
2137	1	0
2137.5	1	0
2138	1	0
2138.5	1	0
2139	1	0
2139.5	1	0
2140	1	0
2140.5	1	0
2141	1	0
2141.5	1	0
2142	1	0
2142.5	1	0
2143	1	0
2143.5	1	0
2144	1	0
2144.5	1	0
2145	1	0
2145.5	1	0
2146	1	0
2146.5	1	0
2147	1	0
2147.5	1	0
2148	1	0
2148.5	1	0
2149	1	0
2149.5	1	0
2150	1	0
2150.5	1	0
2151	1	0
2151.5	1	0
2152	1	0
2152.5	1	0
2153	1	0
2153.5	1	0
2154	1	0
2154.5	1	0
2155	1	0
2155.5	1	0
2156	1	0
2156.5	1	0
2157	1	0
2157.5	1	0
2158	1	0
2158.5	1	0
2159	1	0
2159.5	1	0
2160	1	0
2160.5	1	0
2161	1	0
2161.5	1	0
2162	1	0
2162.5	1	0
2163	1	0
2163.5	1	0
2164	1	0
2164.5	1	0
2165	1	0
2165.5	1	0
2166	1	0
2166.5	1	0
2167	1	0
2167.5	1	0
2168	1	0
2168.5	1	0
2169	1	0
2169.5	1	0
2170	1	0
2170.5	1	0
2171	1	0
2171.5	1	0
2172	1	0
2172.5	1	0
2173	1	0
2173.5	1	0
2174	1	0
2174.5	1	0
2175	1	0
2175.5	1	0
2176	1	0
2176.5	1	0
2177	1	0
2177.5	1	0
2178	1	0
2178.5	1	0
2179	1	0
2179.5	1	0
2180	1	0
2180.5	1	0
2181	1	0
2181.5	1	0
2182	1	0
2182.5	1	0
2183	1	0
2183.5	1	0
2184	1	0
2184.5	1	0
2185	1	0
2185.5	1	0
2186	1	0
2186.5	1	0
2187	1	0
2187.5	1	0
2188	1	0
2188.5	1	0
2189	1	0
2189.5	1	0
2190	1	0
2190.5	1	0
2191	1	0
2191.5	1	0
2192	1	0
2192.5	1	0
2193	1	0
2193.5	1	0
2194	1	0
2194.5	1	0
2195	1	0
2195.5	1	0
2196	1	0
2196.5	1	0
2197	1	0
2197.5	1	0
2198	1	0
2198.5	1	0
2199	1	0
2199.5	1	0
2200	1	0
2200.5	1	0
2201	1	0
2201.5	1	0
2202	1	0
2202.5	1	0
2203	1	0
2203.5	1	0
2204	1	0
2204.5	1	0
2205	1	0
2205.5	1	0
2206	1	0
2206.5	1	0
2207	1	0
2207.5	1	0
2208	1	0
2208.5	1	0
2209	1	0
2209.5	1	0
2210	1	0
2210.5	1	0
2211	1	0
2211.5	1	0
2212	1	0
2212.5	1	0
2213	1	0
2213.5	1	0
2214	1	0
2214.5	1	0
2215	1	0
2215.5	1	0
2216	1	0
2216.5	1	0
2217	1	0
2217.5	1	0
2218	1	0
2218.5	1	0
2219	1	0
2219.5	1	0
2220	1	0
2220.5	1	0
2221	1	0
2221.5	1	0
2222	1	0
2222.5	1	0
2223	1	0
2223.5	1	0
2224	1	0
2224.5	1	0
2225	1	0
2225.5	1	0
2226	1	0
2226.5	1	0
2227	1	0
2227.5	1	0
2228	1	0
2228.5	1	0
2229	1	0
2229.5	1	0
2230	1	0
2230.5	1	0
2231	1	0
2231.5	1	0
2232	1	0
2232.5	1	0
2233	1	0
2233.5	1	0
2234	1	0
2234.5	1	0
2235	1	0
2235.5	1	0
2236	1	0
2236.5	1	0
2237	1	0
2237.5	1	0
2238	1	0
2238.5	1	0
2239	1	0
2239.5	1	0
2240	1	0
2240.5	1	0
2241	1	0
2241.5	1	0
2242	1	0
2242.5	1	0
2243	1	0
2243.5	1	0
2244	1	0
2244.5	1	0
2245	1	0
2245.5	1	0
2246	1	0
2246.5	1	0
2247	1	0
2247.5	1	0
2248	1	0
2248.5	1	0
2249	1	0
2249.5	1	0
2250	1	0
2250.5	1	0
2251	1	0
2251.5	1	0
2252	1	0
2252.5	1	0
2253	1	0
2253.5	1	0
2254	1	0
2254.5	1	0
2255	1	0
2255.5	1	0
2256	1	0
2256.5	1	0
2257	1	0
2257.5	1	0
2258	1	0
2258.5	1	0
2259	1	0
2259.5	1	0
2260	1	0
2260.5	1	0
2261	1	0
2261.5	1	0
2262	1	0
2262.5	1	0
2263	1	0
2263.5	1	0
2264	1	0
2264.5	1	0
2265	1	0
2265.5	1	0
2266	1	0
2266.5	1	0
2267	1	0
2267.5	1	0
2268	1	0
2268.5	1	0
2269	1	0
2269.5	1	0
2270	1	0
2270.5	1	0
2271	1	0
2271.5	1	0
2272	1	0
2272.5	1	0
2273	1	0
2273.5	1	0
2274	1	0
2274.5	1	0
2275	1	0
2275.5	1	0
2276	1	0
2276.5	1	0
2277	1	0
2277.5	1	0
2278	1	0
2278.5	1	0
2279	1	0
2279.5	1	0
2280	1	0
2280.5	1	0
2281	1	0
2281.5	1	0
2282	1	0
2282.5	1	0
2283	1	0
2283.5	1	0
2284	1	0
2284.5	1	0
2285	1	0
2285.5	1	0
2286	1	0
2286.5	1	0
2287	1	0
2287.5	1	0
2288	1	0
2288.5	1	0
2289	1	0
2289.5	1	0
2290	1	0
2290.5	1	0
2291	1	0
2291.5	1	0
2292	1	0
2292.5	1	0
2293	1	0
2293.5	1	0
2294	1	0
2294.5	1	0
2295	1	0
2295.5	1	0
2296	1	0
2296.5	1	0
2297	1	0
2297.5	1	0
2298	1	0
2298.5	1	0
2299	1	0
2299.5	1	0
2300	1	0
2300.5	1	0
2301	1	0
2301.5	1	0
2302	1	0
2302.5	1	0
2303	1	0
2303.5	1	0
2304	1	0
2304.5	1	0
2305	1	0
2305.5	1	0
2306	1	0
2306.5	1	0
2307	1	0
2307.5	1	0
2308	1	0
2308.5	1	0
2309	1	0
2309.5	1	0
2310	1	0
2310.5	1	0
2311	1	0
2311.5	1	0
2312	1	0
2312.5	1	0
2313	1	0
2313.5	1	0
2314	1	0
2314.5	1	0
2315	1	0
2315.5	1	0
2316	1	0
2316.5	1	0
2317	1	0
2317.5	1	0
2318	1	0
2318.5	1	0
2319	1	0
2319.5	1	0
2320	1	0
2320.5	1	0
2321	1	0
2321.5	1	0
2322	1	0
2322.5	1	0
2323	1	0
2323.5	1	0
2324	1	0
2324.5	1	0
2325	1	0
2325.5	1	0
2326	1	0
2326.5	1	0
2327	1	0
2327.5	1	0
2328	1	0
2328.5	1	0
2329	1	0
2329.5	1	0
2330	1	0
2330.5	1	0
2331	1	0
2331.5	1	0
2332	1	0
2332.5	1	0
2333	1	0
2333.5	1	0
2334	1	0
2334.5	1	0
2335	1	0
2335.5	1	0
2336	1	0
2336.5	1	0
2337	1	0
2337.5	1	0
2338	1	0
2338.5	1	0
2339	1	0
2339.5	1	0
2340	1	0
2340.5	1	0
2341	1	0
2341.5	1	0
2342	1	0
2342.5	1	0
2343	1	0
2343.5	1	0
2344	1	0
2344.5	1	0
2345	1	0
2345.5	1	0
2346	1	0
2346.5	1	0
2347	1	0
2347.5	1	0
2348	1	0
2348.5	1	0
2349	1	0
2349.5	1	0
2350	1	0
2350.5	1	0
2351	1	0
2351.5	1	0
2352	1	0
2352.5	1	0
2353	1	0
2353.5	1	0
2354	1	0
2354.5	1	0
2355	1	0
2355.5	1	0
2356	1	0
2356.5	1	0
2357	1	0
2357.5	1	0
2358	1	0
2358.5	1	0
2359	1	0
2359.5	1	0
2360	1	0
2360.5	1	0
2361	1	0
2361.5	1	0
2362	1	0
2362.5	1	0
2363	1	0
2363.5	1	0
2364	1	0
2364.5	1	0
2365	1	0
2365.5	1	0
2366	1	0
2366.5	1	0
2367	1	0
2367.5	1	0
2368	1	0
2368.5	1	0
2369	1	0
2369.5	1	0
2370	1	0
2370.5	1	0
2371	1	0
2371.5	1	0
2372	1	0
2372.5	1	0
2373	1	0
2373.5	1	0
2374	1	0
2374.5	1	0
2375	1	0
2375.5	1	0
2376	1	0
2376.5	1	0
2377	1	0
2377.5	1	0
2378	1	0
2378.5	1	0
2379	1	0
2379.5	1	0
2380	1	0
2380.5	1	0
2381	1	0
2381.5	1	0
2382	1	0
2382.5	1	0
2383	1	0
2383.5	1	0
2384	1	0
2384.5	1	0
2385	1	0
2385.5	1	0
2386	1	0
2386.5	1	0
2387	1	0
2387.5	1	0
2388	1	0
2388.5	1	0
2389	1	0
2389.5	1	0
2390	1	0
2390.5	1	0
2391	1	0
2391.5	1	0
2392	1	0
2392.5	1	0
2393	1	0
2393.5	1	0
2394	1	0
2394.5	1	0
2395	1	0
2395.5	1	0
2396	1	0
2396.5	1	0
2397	1	0
2397.5	1	0
2398	1	0
2398.5	1	0
2399	1	0
2399.5	1	0
2400	1	0
2400.5	1	0
2401	1	0
2401.5	1	0
2402	1	0
2402.5	1	0
2403	1	0
2403.5	1	0
2404	1	0
2404.5	1	0
2405	1	0
2405.5	1	0
2406	1	0
2406.5	1	0
2407	1	0
2407.5	1	0
2408	1	0
2408.5	1	0
2409	1	0
2409.5	1	0
2410	1	0
2410.5	1	0
2411	1	0
2411.5	1	0
2412	1	0
2412.5	1	0
2413	1	0
2413.5	1	0
2414	1	0
2414.5	1	0
2415	1	0
2415.5	1	0
2416	1	0
2416.5	1	0
2417	1	0
2417.5	1	0
2418	1	0
2418.5	1	0
2419	1	0
2419.5	1	0
2420	1	0
2420.5	1	0
2421	1	0
2421.5	1	0
2422	1	0
2422.5	1	0
2423	1	0
2423.5	1	0
2424	1	0
2424.5	1	0
2425	1	0
2425.5	1	0
2426	1	0
2426.5	1	0
2427	1	0
2427.5	1	0
2428	1	0
2428.5	1	0
2429	1	0
2429.5	1	0
2430	1	0
2430.5	1	0
2431	1	0
2431.5	1	0
2432	1	0
2432.5	1	0
2433	1	0
2433.5	1	0
2434	1	0
2434.5	1	0
2435	1	0
2435.5	1	0
2436	1	0
2436.5	1	0
2437	1	0
2437.5	1	0
2438	1	0
2438.5	1	0
2439	1	0
2439.5	1	0
2440	1	0
2440.5	1	0
2441	1	0
2441.5	1	0
2442	1	0
2442.5	1	0
2443	1	0
2443.5	1	0
2444	1	0
2444.5	1	0
2445	1	0
2445.5	1	0
2446	1	0
2446.5	1	0
2447	1	0
2447.5	1	0
2448	1	0
2448.5	1	0
2449	1	0
2449.5	1	0
2450	1	0
2450.5	1	0
2451	1	0
2451.5	1	0
2452	1	0
2452.5	1	0
2453	1	0
2453.5	1	0
2454	1	0
2454.5	1	0
2455	1	0
2455.5	1	0
2456	1	0
2456.5	1	0
2457	1	0
2457.5	1	0
2458	1	0
2458.5	1	0
2459	1	0
2459.5	1	0
2460	1	0
2460.5	1	0
2461	1	0
2461.5	1	0
2462	1	0
2462.5	1	0
2463	1	0
2463.5	1	0
2464	1	0
2464.5	1	0
2465	1	0
2465.5	1	0
2466	1	0
2466.5	1	0
2467	1	0
2467.5	1	0
2468	1	0
2468.5	1	0
2469	1	0
2469.5	1	0
2470	1	0
2470.5	1	0
2471	1	0
2471.5	1	0
2472	1	0
2472.5	1	0
2473	1	0
2473.5	1	0
2474	1	0
2474.5	1	0
2475	1	0
2475.5	1	0
2476	1	0
2476.5	1	0
2477	1	0
2477.5	1	0
2478	1	0
2478.5	1	0
2479	1	0
2479.5	1	0
2480	1	0
2480.5	1	0
2481	1	0
2481.5	1	0
2482	1	0
2482.5	1	0
2483	1	0
2483.5	1	0
2484	1	0
2484.5	1	0
2485	1	0
2485.5	1	0
2486	1	0
2486.5	1	0
2487	1	0
2487.5	1	0
2488	1	0
2488.5	1	0
2489	1	0
2489.5	1	0
2490	1	0
2490.5	1	0
2491	1	0
2491.5	1	0
2492	1	0
2492.5	1	0
2493	1	0
2493.5	1	0
2494	1	0
2494.5	1	0
2495	1	0
2495.5	1	0
2496	1	0
2496.5	1	0
2497	1	0
2497.5	1	0
2498	1	0
2498.5	1	0
2499	1	0
2499.5	1	0
2500	1	0
2500.5	1	0
2501	1	0
2501.5	1	0
2502	1	0
2502.5	1	0
2503	1	0
2503.5	1	0
2504	1	0
2504.5	1	0
2505	1	0
2505.5	1	0
2506	1	0
2506.5	1	0
2507	1	0
2507.5	1	0
2508	1	0
2508.5	1	0
2509	1	0
2509.5	1	0
2510	1	0
2510.5	1	0
2511	1	0
2511.5	1	0
2512	1	0
2512.5	1	0
2513	1	0
2513.5	1	0
2514	1	0
2514.5	1	0
2515	1	0
2515.5	1	0
2516	1	0
2516.5	1	0
2517	1	0
2517.5	1	0
2518	1	0
2518.5	1	0
2519	1	0
2519.5	1	0
2520	1	0
2520.5	1	0
2521	1	0
2521.5	1	0
2522	1	0
2522.5	1	0
2523	1	0
2523.5	1	0
2524	1	0
2524.5	1	0
2525	1	0
2525.5	1	0
2526	1	0
2526.5	1	0
2527	1	0
2527.5	1	0
2528	1	0
2528.5	1	0
2529	1	0
2529.5	1	0
2530	1	0
2530.5	1	0
2531	1	0
2531.5	1	0
2532	1	0
2532.5	1	0
2533	1	0
2533.5	1	0
2534	1	0
2534.5	1	0
2535	1	0
2535.5	1	0
2536	1	0
2536.5	1	0
2537	1	0
2537.5	1	0
2538	1	0
2538.5	1	0
2539	1	0
2539.5	1	0
2540	1	0
2540.5	1	0
2541	1	0
2541.5	1	0
2542	1	0
2542.5	1	0
2543	1	0
2543.5	1	0
2544	1	0
2544.5	1	0
2545	1	0
2545.5	1	0
2546	1	0
2546.5	1	0
2547	1	0
2547.5	1	0
2548	1	0
2548.5	1	0
2549	1	0
2549.5	1	0
2550	1	0
2550.5	1	0
2551	1	0
2551.5	1	0
2552	1	0
2552.5	1	0
2553	1	0
2553.5	1	0
2554	1	0
2554.5	1	0
2555	1	0
2555.5	1	0
2556	1	0
2556.5	1	0
2557	1	0
2557.5	1	0
2558	1	0
2558.5	1	0
2559	1	0
2559.5	1	0
2560	1	0
2560.5	1	0
2561	1	0
2561.5	1	0
2562	1	0
2562.5	1	0
2563	1	0
2563.5	1	0
2564	1	0
2564.5	1	0
2565	1	0
2565.5	1	0
2566	1	0
2566.5	1	0
2567	1	0
2567.5	1	0
2568	1	0
2568.5	1	0
2569	1	0
2569.5	1	0
2570	1	0
2570.5	1	0
2571	1	0
2571.5	1	0
2572	1	0
2572.5	1	0
2573	1	0
2573.5	1	0
2574	1	0
2574.5	1	0
2575	1	0
2575.5	1	0
2576	1	0
2576.5	1	0
2577	1	0
2577.5	1	0
2578	1	0
2578.5	1	0
2579	1	0
2579.5	1	0
2580	1	0
2580.5	1	0
2581	1	0
2581.5	1	0
2582	1	0
2582.5	1	0
2583	1	0
2583.5	1	0
2584	1	0
2584.5	1	0
2585	1	0
2585.5	1	0
2586	1	0
2586.5	1	0
2587	1	0
2587.5	1	0
2588	1	0
2588.5	1	0
2589	1	0
2589.5	1	0
2590	1	0
2590.5	1	0
2591	1	0
2591.5	1	0
2592	1	0
2592.5	1	0
2593	1	0
2593.5	1	0
2594	1	0
2594.5	1	0
2595	1	0
2595.5	1	0
2596	1	0
2596.5	1	0
2597	1	0
2597.5	1	0
2598	1	0
2598.5	1	0
2599	1	0
2599.5	1	0
2600	1	0
2600.5	1	0
2601	1	0
2601.5	1	0
2602	1	0
2602.5	1	0
2603	1	0
2603.5	1	0
2604	1	0
2604.5	1	0
2605	1	0
2605.5	1	0
2606	1	0
2606.5	1	0
2607	1	0
2607.5	1	0
2608	1	0
2608.5	1	0
2609	1	0
2609.5	1	0
2610	1	0
2610.5	1	0
2611	1	0
2611.5	1	0
2612	1	0
2612.5	1	0
2613	1	0
2613.5	1	0
2614	1	0
2614.5	1	0
2615	1	0
2615.5	1	0
2616	1	0
2616.5	1	0
2617	1	0
2617.5	1	0
2618	1	0
2618.5	1	0
2619	1	0
2619.5	1	0
2620	1	0
2620.5	1	0
2621	1	0
2621.5	1	0
2622	1	0
2622.5	1	0
2623	1	0
2623.5	1	0
2624	1	0
2624.5	1	0
2625	1	0
2625.5	1	0
2626	1	0
2626.5	1	0
2627	1	0
2627.5	1	0
2628	1	0
2628.5	1	0
2629	1	0
2629.5	1	0
2630	1	0
2630.5	1	0
2631	1	0
2631.5	1	0
2632	1	0
2632.5	1	0
2633	1	0
2633.5	1	0
2634	1	0
2634.5	1	0
2635	1	0
2635.5	1	0
2636	1	0
2636.5	1	0
2637	1	0
2637.5	1	0
2638	1	0
2638.5	1	0
2639	1	0
2639.5	1	0
2640	1	0
2640.5	1	0
2641	1	0
2641.5	1	0
2642	1	0
2642.5	1	0
2643	1	0
2643.5	1	0
2644	1	0
2644.5	1	0
2645	1	0
2645.5	1	0
2646	1	0
2646.5	1	0
2647	1	0
2647.5	1	0
2648	1	0
2648.5	1	0
2649	1	0
2649.5	1	0
2650	1	0
2650.5	1	0
2651	1	0
2651.5	1	0
2652	1	0
2652.5	1	0
2653	1	0
2653.5	1	0
2654	1	0
2654.5	1	0
2655	1	0
2655.5	1	0
2656	1	0
2656.5	1	0
2657	1	0
2657.5	1	0
2658	1	0
2658.5	1	0
2659	1	0
2659.5	1	0
2660	1	0
2660.5	1	0
2661	1	0
2661.5	1	0
2662	1	0
2662.5	1	0
2663	1	0
2663.5	1	0
2664	1	0
2664.5	1	0
2665	1	0
2665.5	1	0
2666	1	0
2666.5	1	0
2667	1	0
2667.5	1	0
2668	1	0
2668.5	1	0
2669	1	0
2669.5	1	0
2670	1	0
2670.5	1	0
2671	1	0
2671.5	1	0
2672	1	0
2672.5	1	0
2673	1	0
2673.5	1	0
2674	1	0
2674.5	1	0
2675	1	0
2675.5	1	0
2676	1	0
2676.5	1	0
2677	1	0
2677.5	1	0
2678	1	0
2678.5	1	0
2679	1	0
2679.5	1	0
2680	1	0
2680.5	1	0
2681	1	0
2681.5	1	0
2682	1	0
2682.5	1	0
2683	1	0
2683.5	1	0
2684	1	0
2684.5	1	0
2685	1	0
2685.5	1	0
2686	1	0
2686.5	1	0
2687	1	0
2687.5	1	0
2688	1	0
2688.5	1	0
2689	1	0
2689.5	1	0
2690	1	0
2690.5	1	0
2691	1	0
2691.5	1	0
2692	1	0
2692.5	1	0
2693	1	0
2693.5	1	0
2694	1	0
2694.5	1	0
2695	1	0
2695.5	1	0
2696	1	0
2696.5	1	0
2697	1	0
2697.5	1	0
2698	1	0
2698.5	1	0
2699	1	0
2699.5	1	0
2700	1	0
2700.5	1	0
2701	1	0
2701.5	1	0
2702	1	0
2702.5	1	0
2703	1	0
2703.5	1	0
2704	1	0
2704.5	1	0
2705	1	0
2705.5	1	0
2706	1	0
2706.5	1	0
2707	1	0
2707.5	1	0
2708	1	0
2708.5	1	0
2709	1	0
2709.5	1	0
2710	1	0
2710.5	1	0
2711	1	0
2711.5	1	0
2712	1	0
2712.5	1	0
2713	1	0
2713.5	1	0
2714	1	0
2714.5	1	0
2715	1	0
2715.5	1	0
2716	1	0
2716.5	1	0
2717	1	0
2717.5	1	0
2718	1	0
2718.5	1	0
2719	1	0
2719.5	1	0
2720	1	0
2720.5	1	0
2721	1	0
2721.5	1	0
2722	1	0
2722.5	1	0
2723	1	0
2723.5	1	0
2724	1	0
2724.5	1	0
2725	1	0
2725.5	1	0
2726	1	0
2726.5	1	0
2727	1	0
2727.5	1	0
2728	1	0
2728.5	1	0
2729	1	0
2729.5	1	0
2730	1	0
2730.5	1	0
2731	1	0
2731.5	1	0
2732	1	0
2732.5	1	0
2733	1	0
2733.5	1	0
2734	1	0
2734.5	1	0
2735	1	0
2735.5	1	0
2736	1	0
2736.5	1	0
2737	1	0
2737.5	1	0
2738	1	0
2738.5	1	0
2739	1	0
2739.5	1	0
2740	1	0
2740.5	1	0
2741	1	0
2741.5	1	0
2742	1	0
2742.5	1	0
2743	1	0
2743.5	1	0
2744	1	0
2744.5	1	0
2745	1	0
2745.5	1	0
2746	1	0
2746.5	1	0
2747	1	0
2747.5	1	0
2748	1	0
2748.5	1	0
2749	1	0
2749.5	1	0
2750	1	0
2750.5	1	0
2751	1	0
2751.5	1	0
2752	1	0
2752.5	1	0
2753	1	0
2753.5	1	0
2754	1	0
2754.5	1	0
2755	1	0
2755.5	1	0
2756	1	0
2756.5	1	0
2757	1	0
2757.5	1	0
2758	1	0
2758.5	1	0
2759	1	0
2759.5	1	0
2760	1	0
2760.5	1	0
2761	1	0
2761.5	1	0
2762	1	0
2762.5	1	0
2763	1	0
2763.5	1	0
2764	1	0
2764.5	1	0
2765	1	0
2765.5	1	0
2766	1	0
2766.5	1	0
2767	1	0
2767.5	1	0
2768	1	0
2768.5	1	0
2769	1	0
2769.5	1	0
2770	1	0
2770.5	1	0
2771	1	0
2771.5	1	0
2772	1	0
2772.5	1	0
2773	1	0
2773.5	1	0
2774	1	0
2774.5	1	0
2775	1	0
2775.5	1	0
2776	1	0
2776.5	1	0
2777	1	0
2777.5	1	0
2778	1	0
2778.5	1	0
2779	1	0
2779.5	1	0
2780	1	0
2780.5	1	0
2781	1	0
2781.5	1	0
2782	1	0
2782.5	1	0
2783	1	0
2783.5	1	0
2784	1	0
2784.5	1	0
2785	1	0
2785.5	1	0
2786	1	0
2786.5	1	0
2787	1	0
2787.5	1	0
2788	1	0
2788.5	1	0
2789	1	0
2789.5	1	0
2790	1	0
2790.5	1	0
2791	1	0
2791.5	1	0
2792	1	0
2792.5	1	0
2793	1	0
2793.5	1	0
2794	1	0
2794.5	1	0
2795	1	0
2795.5	1	0
2796	1	0
2796.5	1	0
2797	1	0
2797.5	1	0
2798	1	0
2798.5	1	0
2799	1	0
2799.5	1	0
2800	1	0
2800.5	1	0
2801	1	0
2801.5	1	0
2802	1	0
2802.5	1	0
2803	1	0
2803.5	1	0
2804	1	0
2804.5	1	0
2805	1	0
2805.5	1	0
2806	1	0
2806.5	1	0
2807	1	0
2807.5	1	0
2808	1	0
2808.5	1	0
2809	1	0
2809.5	1	0
2810	1	0
2810.5	1	0
2811	1	0
2811.5	1	0
2812	1	0
2812.5	1	0
2813	1	0
2813.5	1	0
2814	1	0
2814.5	1	0
2815	1	0
2815.5	1	0
2816	1	0
2816.5	1	0
2817	1	0
2817.5	1	0
2818	1	0
2818.5	1	0
2819	1	0
2819.5	1	0
2820	1	0
2820.5	1	0
2821	1	0
2821.5	1	0
2822	1	0
2822.5	1	0
2823	1	0
2823.5	1	0
2824	1	0
2824.5	1	0
2825	1	0
2825.5	1	0
2826	1	0
2826.5	1	0
2827	1	0
2827.5	1	0
2828	1	0
2828.5	1	0
2829	1	0
2829.5	1	0
2830	1	0
2830.5	1	0
2831	1	0
2831.5	1	0
2832	1	0
2832.5	1	0
2833	1	0
2833.5	1	0
2834	1	0
2834.5	1	0
2835	1	0
2835.5	1	0
2836	1	0
2836.5	1	0
2837	1	0
2837.5	1	0
2838	1	0
2838.5	1	0
2839	1	0
2839.5	1	0
2840	1	0
2840.5	1	0
2841	1	0
2841.5	1	0
2842	1	0
2842.5	1	0
2843	1	0
2843.5	1	0
2844	1	0
2844.5	1	0
2845	1	0
2845.5	1	0
2846	1	0
2846.5	1	0
2847	1	0
2847.5	1	0
2848	1	0
2848.5	1	0
2849	1	0
2849.5	1	0
2850	1	0
2850.5	1	0
2851	1	0
2851.5	1	0
2852	1	0
2852.5	1	0
2853	1	0
2853.5	1	0
2854	1	0
2854.5	1	0
2855	1	0
2855.5	1	0
2856	1	0
2856.5	1	0
2857	1	0
2857.5	1	0
2858	1	0
2858.5	1	0
2859	1	0
2859.5	1	0
2860	1	0
2860.5	1	0
2861	1	0
2861.5	1	0
2862	1	0
2862.5	1	0
2863	1	0
2863.5	1	0
2864	1	0
2864.5	1	0
2865	1	0
2865.5	1	0
2866	1	0
2866.5	1	0
2867	1	0
2867.5	1	0
2868	1	0
2868.5	1	0
2869	1	0
2869.5	1	0
2870	1	0
2870.5	1	0
2871	1	0
2871.5	1	0
2872	1	0
2872.5	1	0
2873	1	0
2873.5	1	0
2874	1	0
2874.5	1	0
2875	1	0
2875.5	1	0
2876	1	0
2876.5	1	0
2877	1	0
2877.5	1	0
2878	1	0
2878.5	1	0
2879	1	0
2879.5	1	0
2880	1	0
2880.5	1	0
2881	1	0
2881.5	1	0
2882	1	0
2882.5	1	0
2883	1	0
2883.5	1	0
2884	1	0
2884.5	1	0
2885	1	0
2885.5	1	0
2886	1	0
2886.5	1	0
2887	1	0
2887.5	1	0
2888	1	0
2888.5	1	0
2889	1	0
2889.5	1	0
2890	1	0
2890.5	1	0
2891	1	0
2891.5	1	0
2892	1	0
2892.5	1	0
2893	1	0
2893.5	1	0
2894	1	0
2894.5	1	0
2895	1	0
2895.5	1	0
2896	1	0
2896.5	1	0
2897	1	0
2897.5	1	0
2898	1	0
2898.5	1	0
2899	1	0
2899.5	1	0
2900	1	0
2900.5	1	0
2901	1	0
2901.5	1	0
2902	1	0
2902.5	1	0
2903	1	0
2903.5	1	0
2904	1	0
2904.5	1	0
2905	1	0
2905.5	1	0
2906	1	0
2906.5	1	0
2907	1	0
2907.5	1	0
2908	1	0
2908.5	1	0
2909	1	0
2909.5	1	0
2910	1	0
2910.5	1	0
2911	1	0
2911.5	1	0
2912	1	0
2912.5	1	0
2913	1	0
2913.5	1	0
2914	1	0
2914.5	1	0
2915	1	0
2915.5	1	0
2916	1	0
2916.5	1	0
2917	1	0
2917.5	1	0
2918	1	0
2918.5	1	0
2919	1	0
2919.5	1	0
2920	1	0
2920.5	1	0
2921	1	0
2921.5	1	0
2922	1	0
2922.5	1	0
2923	1	0
2923.5	1	0
2924	1	0
2924.5	1	0
2925	1	0
2925.5	1	0
2926	1	0
2926.5	1	0
2927	1	0
2927.5	1	0
2928	1	0
2928.5	1	0
2929	1	0
2929.5	1	0
2930	1	0
2930.5	1	0
2931	1	0
2931.5	1	0
2932	1	0
2932.5	1	0
2933	1	0
2933.5	1	0
2934	1	0
2934.5	1	0
2935	1	0
2935.5	1	0
2936	1	0
2936.5	1	0
2937	1	0
2937.5	1	0
2938	1	0
2938.5	1	0
2939	1	0
2939.5	1	0
2940	1	0
2940.5	1	0
2941	1	0
2941.5	1	0
2942	1	0
2942.5	1	0
2943	1	0
2943.5	1	0
2944	1	0
2944.5	1	0
2945	1	0
2945.5	1	0
2946	1	0
2946.5	1	0
2947	1	0
2947.5	1	0
2948	1	0
2948.5	1	0
2949	1	0
2949.5	1	0
2950	1	0
2950.5	1	0
2951	1	0
2951.5	1	0
2952	1	0
2952.5	1	0
2953	1	0
2953.5	1	0
2954	1	0
2954.5	1	0
2955	1	0
2955.5	1	0
2956	1	0
2956.5	1	0
2957	1	0
2957.5	1	0
2958	1	0
2958.5	1	0
2959	1	0
2959.5	1	0
2960	1	0
2960.5	1	0
2961	1	0
2961.5	1	0
2962	1	0
2962.5	1	0
2963	1	0
2963.5	1	0
2964	1	0
2964.5	1	0
2965	1	0
2965.5	1	0
2966	1	0
2966.5	1	0
2967	1	0
2967.5	1	0
2968	1	0
2968.5	1	0
2969	1	0
2969.5	1	0
2970	1	0
2970.5	1	0
2971	1	0
2971.5	1	0
2972	1	0
2972.5	1	0
2973	1	0
2973.5	1	0
2974	1	0
2974.5	1	0
2975	1	0
2975.5	1	0
2976	1	0
2976.5	1	0
2977	1	0
2977.5	1	0
2978	1	0
2978.5	1	0
2979	1	0
2979.5	1	0
2980	1	0
2980.5	1	0
2981	1	0
2981.5	1	0
2982	1	0
2982.5	1	0
2983	1	0
2983.5	1	0
2984	1	0
2984.5	1	0
2985	1	0
2985.5	1	0
2986	1	0
2986.5	1	0
2987	1	0
2987.5	1	0
2988	1	0
2988.5	1	0
2989	1	0
2989.5	1	0
2990	1	0
2990.5	1	0
2991	1	0
2991.5	1	0
2992	1	0
2992.5	1	0
2993	1	0
2993.5	1	0
2994	1	0
2994.5	1	0
2995	1	0
2995.5	1	0
2996	1	0
2996.5	1	0
2997	1	0
2997.5	1	0
2998	1	0
2998.5	1	0
2999	1	0
2999.5	1	0
3000	1	0
3000.5	1	0
3001	1	0
3001.5	1	0
3002	1	0
3002.5	1	0
3003	1	0
3003.5	1	0
3004	1	0
3004.5	1	0
3005	1	0
3005.5	1	0
3006	1	0
3006.5	1	0
3007	1	0
3007.5	1	0
3008	1	0
3008.5	1	0
3009	1	0
3009.5	1	0
3010	1	0
3010.5	1	0
3011	1	0
3011.5	1	0
3012	1	0
3012.5	1	0
3013	1	0
3013.5	1	0
3014	1	0
3014.5	1	0
3015	1	0
3015.5	1	0
3016	1	0
3016.5	1	0
3017	1	0
3017.5	1	0
3018	1	0
3018.5	1	0
3019	1	0
3019.5	1	0
3020	1	0
3020.5	1	0
3021	1	0
3021.5	1	0
3022	1	0
3022.5	1	0
3023	1	0
3023.5	1	0
3024	1	0
3024.5	1	0
3025	1	0
3025.5	1	0
3026	1	0
3026.5	1	0
3027	1	0
3027.5	1	0
3028	1	0
3028.5	1	0
3029	1	0
3029.5	1	0
3030	1	0
3030.5	1	0
3031	1	0
3031.5	1	0
3032	1	0
3032.5	1	0
3033	1	0
3033.5	1	0
3034	1	0
3034.5	1	0
3035	1	0
3035.5	1	0
3036	1	0
3036.5	1	0
3037	1	0
3037.5	1	0
3038	1	0
3038.5	1	0
3039	1	0
3039.5	1	0
3040	1	0
3040.5	1	0
3041	1	0
3041.5	1	0
3042	1	0
3042.5	1	0
3043	1	0
3043.5	1	0
3044	1	0
3044.5	1	0
3045	1	0
3045.5	1	0
3046	1	0
3046.5	1	0
3047	1	0
3047.5	1	0
3048	1	0
3048.5	1	0
3049	1	0
3049.5	1	0
3050	1	0
3050.5	1	0
3051	1	0
3051.5	1	0
3052	1	0
3052.5	1	0
3053	1	0
3053.5	1	0
3054	1	0
3054.5	1	0
3055	1	0
3055.5	1	0
3056	1	0
3056.5	1	0
3057	1	0
3057.5	1	0
3058	1	0
3058.5	1	0
3059	1	0
3059.5	1	0
3060	1	0
3060.5	1	0
3061	1	0
3061.5	1	0
3062	1	0
3062.5	1	0
3063	1	0
3063.5	1	0
3064	1	0
3064.5	1	0
3065	1	0
3065.5	1	0
3066	1	0
3066.5	1	0
3067	1	0
3067.5	1	0
3068	1	0
3068.5	1	0
3069	1	0
3069.5	1	0
3070	1	0
3070.5	1	0
3071	1	0
3071.5	1	0
3072	1	0
3072.5	1	0
3073	1	0
3073.5	1	0
3074	1	0
3074.5	1	0
3075	1	0
3075.5	1	0
3076	1	0
3076.5	1	0
3077	1	0
3077.5	1	0
3078	1	0
3078.5	1	0
3079	1	0
3079.5	1	0
3080	1	0
3080.5	1	0
3081	1	0
3081.5	1	0
3082	1	0
3082.5	1	0
3083	1	0
3083.5	1	0
3084	1	0
3084.5	1	0
3085	1	0
3085.5	1	0
3086	1	0
3086.5	1	0
3087	1	0
3087.5	1	0
3088	1	0
3088.5	1	0
3089	1	0
3089.5	1	0
3090	1	0
3090.5	1	0
3091	1	0
3091.5	1	0
3092	1	0
3092.5	1	0
3093	1	0
3093.5	1	0
3094	1	0
3094.5	1	0
3095	1	0
3095.5	1	0
3096	1	0
3096.5	1	0
3097	1	0
3097.5	1	0
3098	1	0
3098.5	1	0
3099	1	0
3099.5	1	0
3100	1	0
3100.5	1	0
3101	1	0
3101.5	1	0
3102	1	0
3102.5	1	0
3103	1	0
3103.5	1	0
3104	1	0
3104.5	1	0
3105	1	0
3105.5	1	0
3106	1	0
3106.5	1	0
3107	1	0
3107.5	1	0
3108	1	0
3108.5	1	0
3109	1	0
3109.5	1	0
3110	1	0
3110.5	1	0
3111	1	0
3111.5	1	0
3112	1	0
3112.5	1	0
3113	1	0
3113.5	1	0
3114	1	0
3114.5	1	0
3115	1	0
3115.5	1	0
3116	1	0
3116.5	1	0
3117	1	0
3117.5	1	0
3118	1	0
3118.5	1	0
3119	1	0
3119.5	1	0
3120	1	0
3120.5	1	0
3121	1	0
3121.5	1	0
3122	1	0
3122.5	1	0
3123	1	0
3123.5	1	0
3124	1	0
3124.5	1	0
3125	1	0
3125.5	1	0
3126	1	0
3126.5	1	0
3127	1	0
3127.5	1	0
3128	1	0
3128.5	1	0
3129	1	0
3129.5	1	0
3130	1	0
3130.5	1	0
3131	1	0
3131.5	1	0
3132	1	0
3132.5	1	0
3133	1	0
3133.5	1	0
3134	1	0
3134.5	1	0
3135	1	0
3135.5	1	0
3136	1	0
3136.5	1	0
3137	1	0
3137.5	1	0
3138	1	0
3138.5	1	0
3139	1	0
3139.5	1	0
3140	1	0
3140.5	1	0
3141	1	0
3141.5	1	0
3142	1	0
3142.5	1	0
3143	1	0
3143.5	1	0
3144	1	0
3144.5	1	0
3145	1	0
3145.5	1	0
3146	1	0
3146.5	1	0
3147	1	0
3147.5	1	0
3148	1	0
3148.5	1	0
3149	1	0
3149.5	1	0
3150	1	0
3150.5	1	0
3151	1	0
3151.5	1	0
3152	1	0
3152.5	1	0
3153	1	0
3153.5	1	0
3154	1	0
3154.5	1	0
3155	1	0
3155.5	1	0
3156	1	0
3156.5	1	0
3157	1	0
3157.5	1	0
3158	1	0
3158.5	1	0
3159	1	0
3159.5	1	0
3160	1	0
3160.5	1	0
3161	1	0
3161.5	1	0
3162	1	0
3162.5	1	0
3163	1	0
3163.5	1	0
3164	1	0
3164.5	1	0
3165	1	0
3165.5	1	0
3166	1	0
3166.5	1	0
3167	1	0
3167.5	1	0
3168	1	0
3168.5	1	0
3169	1	0
3169.5	1	0
3170	1	0
3170.5	1	0
3171	1	0
3171.5	1	0
3172	1	0
3172.5	1	0
3173	1	0
3173.5	1	0
3174	1	0
3174.5	1	0
3175	1	0
3175.5	1	0
3176	1	0
3176.5	1	0
3177	1	0
3177.5	1	0
3178	1	0
3178.5	1	0
3179	1	0
3179.5	1	0
3180	1	0
3180.5	1	0
3181	1	0
3181.5	1	0
3182	1	0
3182.5	1	0
3183	1	0
3183.5	1	0
3184	1	0
3184.5	1	0
3185	1	0
3185.5	1	0
3186	1	0
3186.5	1	0
3187	1	0
3187.5	1	0
3188	1	0
3188.5	1	0
3189	1	0
3189.5	1	0
3190	1	0
3190.5	1	0
3191	1	0
3191.5	1	0
3192	1	0
3192.5	1	0
3193	1	0
3193.5	1	0
3194	1	0
3194.5	1	0
3195	1	0
3195.5	1	0
3196	1	0
3196.5	1	0
3197	1	0
3197.5	1	0
3198	1	0
3198.5	1	0
3199	1	0
3199.5	1	0
3200	1	0
3200.5	1	0
3201	1	0
3201.5	1	0
3202	1	0
3202.5	1	0
3203	1	0
3203.5	1	0
3204	1	0
3204.5	1	0
3205	1	0
3205.5	1	0
3206	1	0
3206.5	1	0
3207	1	0
3207.5	1	0
3208	1	0
3208.5	1	0
3209	1	0
3209.5	1	0
3210	1	0
3210.5	1	0
3211	1	0
3211.5	1	0
3212	1	0
3212.5	1	0
3213	1	0
3213.5	1	0
3214	1	0
3214.5	1	0
3215	1	0
3215.5	1	0
3216	1	0
3216.5	1	0
3217	1	0
3217.5	1	0
3218	1	0
3218.5	1	0
3219	1	0
3219.5	1	0
3220	1	0
3220.5	1	0
3221	1	0
3221.5	1	0
3222	1	0
3222.5	1	0
3223	1	0
3223.5	1	0
3224	1	0
3224.5	1	0
3225	1	0
3225.5	1	0
3226	1	0
3226.5	1	0
3227	1	0
3227.5	1	0
3228	1	0
3228.5	1	0
3229	1	0
3229.5	1	0
3230	1	0
3230.5	1	0
3231	1	0
3231.5	1	0
3232	1	0
3232.5	1	0
3233	1	0
3233.5	1	0
3234	1	0
3234.5	1	0
3235	1	0
3235.5	1	0
3236	1	0
3236.5	1	0
3237	1	0
3237.5	1	0
3238	1	0
3238.5	1	0
3239	1	0
3239.5	1	0
3240	1	0
3240.5	1	0
3241	1	0
3241.5	1	0
3242	1	0
3242.5	1	0
3243	1	0
3243.5	1	0
3244	1	0
3244.5	1	0
3245	1	0
3245.5	1	0
3246	1	0
3246.5	1	0
3247	1	0
3247.5	1	0
3248	1	0
3248.5	1	0
3249	1	0
3249.5	1	0
3250	1	0
3250.5	1	0
3251	1	0
3251.5	1	0
3252	1	0
3252.5	1	0
3253	1	0
3253.5	1	0
3254	1	0
3254.5	1	0
3255	1	0
3255.5	1	0
3256	1	0
3256.5	1	0
3257	1	0
3257.5	1	0
3258	1	0
3258.5	1	0
3259	1	0
3259.5	1	0
3260	1	0
3260.5	1	0
3261	1	0
3261.5	1	0
3262	1	0
3262.5	1	0
3263	1	0
3263.5	1	0
3264	1	0
3264.5	1	0
3265	1	0
3265.5	1	0
3266	1	0
3266.5	1	0
3267	1	0
3267.5	1	0
3268	1	0
3268.5	1	0
3269	1	0
3269.5	1	0
3270	1	0
3270.5	1	0
3271	1	0
3271.5	1	0
3272	1	0
3272.5	1	0
3273	1	0
3273.5	1	0
3274	1	0
3274.5	1	0
3275	1	0
3275.5	1	0
3276	1	0
3276.5	1	0
3277	1	0
3277.5	1	0
3278	1	0
3278.5	1	0
3279	1	0
3279.5	1	0
3280	1	0
3280.5	1	0
3281	1	0
3281.5	1	0
3282	1	0
3282.5	1	0
3283	1	0
3283.5	1	0
3284	1	0
3284.5	1	0
3285	1	0
3285.5	1	0
3286	1	0
3286.5	1	0
3287	1	0
3287.5	1	0
3288	1	0
3288.5	1	0
3289	1	0
3289.5	1	0
3290	1	0
3290.5	1	0
3291	1	0
3291.5	1	0
3292	1	0
3292.5	1	0
3293	1	0
3293.5	1	0
3294	1	0
3294.5	1	0
3295	1	0
3295.5	1	0
3296	1	0
3296.5	1	0
3297	1	0
3297.5	1	0
3298	1	0
3298.5	1	0
3299	1	0
3299.5	1	0
3300	1	0
3300.5	1	0
3301	1	0
3301.5	1	0
3302	1	0
3302.5	1	0
3303	1	0
3303.5	1	0
3304	1	0
3304.5	1	0
3305	1	0
3305.5	1	0
3306	1	0
3306.5	1	0
3307	1	0
3307.5	1	0
3308	1	0
3308.5	1	0
3309	1	0
3309.5	1	0
3310	1	0
3310.5	1	0
3311	1	0
3311.5	1	0
3312	1	0
3312.5	1	0
3313	1	0
3313.5	1	0
3314	1	0
3314.5	1	0
3315	1	0
3315.5	1	0
3316	1	0
3316.5	1	0
3317	1	0
3317.5	1	0
3318	1	0
3318.5	1	0
3319	1	0
3319.5	1	0
3320	1	0
3320.5	1	0
3321	1	0
3321.5	1	0
3322	1	0
3322.5	1	0
3323	1	0
3323.5	1	0
3324	1	0
3324.5	1	0
3325	1	0
3325.5	1	0
3326	1	0
3326.5	1	0
3327	1	0
3327.5	1	0
3328	1	0
3328.5	1	0
3329	1	0
3329.5	1	0
3330	1	0
3330.5	1	0
3331	1	0
3331.5	1	0
3332	1	0
3332.5	1	0
3333	1	0
3333.5	1	0
3334	1	0
3334.5	1	0
3335	1	0
3335.5	1	0
3336	1	0
3336.5	1	0
3337	1	0
3337.5	1	0
3338	1	0
3338.5	1	0
3339	1	0
3339.5	1	0
3340	1	0
3340.5	1	0
3341	1	0
3341.5	1	0
3342	1	0
3342.5	1	0
3343	1	0
3343.5	1	0
3344	1	0
3344.5	1	0
3345	1	0
3345.5	1	0
3346	1	0
3346.5	1	0
3347	1	0
3347.5	1	0
3348	1	0
3348.5	1	0
3349	1	0
3349.5	1	0
3350	1	0
3350.5	1	0
3351	1	0
3351.5	1	0
3352	1	0
3352.5	1	0
3353	1	0
3353.5	1	0
3354	1	0
3354.5	1	0
3355	1	0
3355.5	1	0
3356	1	0
3356.5	1	0
3357	1	0
3357.5	1	0
3358	1	0
3358.5	1	0
3359	1	0
3359.5	1	0
3360	1	0
3360.5	1	0
3361	1	0
3361.5	1	0
3362	1	0
3362.5	1	0
3363	1	0
3363.5	1	0
3364	1	0
3364.5	1	0
3365	1	0
3365.5	1	0
3366	1	0
3366.5	1	0
3367	1	0
3367.5	1	0
3368	1	0
3368.5	1	0
3369	1	0
3369.5	1	0
3370	1	0
3370.5	1	0
3371	1	0
3371.5	1	0
3372	1	0
3372.5	1	0
3373	1	0
3373.5	1	0
3374	1	0
3374.5	1	0
3375	1	0
3375.5	1	0
3376	1	0
3376.5	1	0
3377	1	0
3377.5	1	0
3378	1	0
3378.5	1	0
3379	1	0
3379.5	1	0
3380	1	0
3380.5	1	0
3381	1	0
3381.5	1	0
3382	1	0
3382.5	1	0
3383	1	0
3383.5	1	0
3384	1	0
3384.5	1	0
3385	1	0
3385.5	1	0
3386	1	0
3386.5	1	0
3387	1	0
3387.5	1	0
3388	1	0
3388.5	1	0
3389	1	0
3389.5	1	0
3390	1	0
3390.5	1	0
3391	1	0
3391.5	1	0
3392	1	0
3392.5	1	0
3393	1	0
3393.5	1	0
3394	1	0
3394.5	1	0
3395	1	0
3395.5	1	0
3396	1	0
3396.5	1	0
3397	1	0
3397.5	1	0
3398	1	0
3398.5	1	0
3399	1	0
3399.5	1	0
3400	1	0
3400.5	1	0
3401	1	0
3401.5	1	0
3402	1	0
3402.5	1	0
3403	1	0
3403.5	1	0
3404	1	0
