# WAIS Divide thinning function modeled by Kurt Cuffey.
# See Buizert et al. 2015 for details. File generated 8/19/2015
# Depth(m) thinning-function unc.
0	1	0.0125
7.7688	0.99911	0.01303
19.492	0.99734	0.013823
30.136	0.99543	0.014536
40.195	0.9934	0.015203
49.131	0.99137	0.01579
58.188	0.98935	0.016383
66.613	0.98733	0.01693
74.908	0.9853	0.017466
82.825	0.98327	0.017973
90.618	0.98125	0.01847
98.584	0.97912	0.018974
106.72	0.9769	0.019485
114.89	0.97467	0.019996
122.77	0.97245	0.020485
130.59	0.97026	0.020969
138.5	0.96812	0.021457
145.82	0.96595	0.021902
153.55	0.96376	0.022372
161.48	0.9616	0.022854
169.24	0.95945	0.023322
176.82	0.9573	0.023777
184.62	0.95515	0.024243
192.48	0.95296	0.02471
200.34	0.95071	0.025173
208.3	0.94847	0.02564
216.13	0.94626	0.026097
224.02	0.94405	0.026556
231.71	0.94186	0.027
240.13	0.93961	0.027487
248.3	0.9373	0.027954
256.36	0.93497	0.02841
264.64	0.93263	0.028878
272.88	0.93032	0.029341
281.27	0.92804	0.029813
289.23	0.9258	0.030255
296.99	0.92359	0.030683
305.04	0.92133	0.031125
313.19	0.91901	0.03157
321.67	0.91669	0.032032
329.84	0.91438	0.032473
338.02	0.91208	0.032911
346.12	0.90981	0.033343
353.88	0.90752	0.033751
362.33	0.90522	0.034199
370.46	0.90297	0.034626
378.33	0.90077	0.035036
386.21	0.89854	0.035444
394.39	0.89625	0.035865
402.31	0.894	0.036269
410.35	0.89179	0.03668
417.87	0.88965	0.037058
425.18	0.88761	0.037426
432.83	0.88549	0.03781
440.93	0.88327	0.038214
448.56	0.88107	0.038588
456.05	0.87892	0.038953
464.22	0.87673	0.039355
471.89	0.87449	0.039723
479.89	0.87229	0.04011
487.3	0.87015	0.040462
495.09	0.86797	0.040832
503.07	0.86572	0.041208
510.9	0.8635	0.041574
518.5	0.86134	0.041927
526.13	0.85918	0.042279
533.84	0.85701	0.042633
542.11	0.85479	0.043016
550.38	0.85249	0.043392
558.41	0.85021	0.043753
566.52	0.84795	0.044116
574.35	0.84571	0.044461
582.41	0.84349	0.044819
590.23	0.84127	0.04516
598.22	0.83906	0.045509
605.57	0.83686	0.045819
613.6	0.83468	0.046168
621.2	0.8325	0.046488
629.11	0.83032	0.046825
637.1	0.82814	0.047163
644.81	0.82596	0.047484
652.4	0.8238	0.047795
659.93	0.82165	0.048103
667.34	0.81955	0.048403
674.63	0.81751	0.048699
681.94	0.81548	0.048994
689.23	0.81345	0.049286
696.32	0.81144	0.049565
703.37	0.80943	0.049841
710.56	0.80741	0.050121
717.87	0.80536	0.050405
725.09	0.80335	0.050683
732.17	0.80139	0.050956
739.2	0.79942	0.051223
746.17	0.79741	0.051482
753.65	0.79539	0.051766
760.56	0.79336	0.052016
767.77	0.79133	0.052282
774.95	0.7893	0.052543
782.46	0.78725	0.052819
790.11	0.78515	0.053097
797.08	0.7831	0.053339
804.16	0.78112	0.05359
811.37	0.77913	0.053845
818.51	0.7771	0.054092
825.72	0.77507	0.054341
832.89	0.77305	0.054586
840.19	0.77102	0.054835
847.58	0.76895	0.055085
854.87	0.7669	0.055328
862.17	0.76485	0.055569
869.44	0.76283	0.05581
876.32	0.76084	0.056029
883.31	0.75885	0.056253
890.24	0.75685	0.056471
897.65	0.75485	0.056712
904.93	0.75283	0.056943
912.15	0.75084	0.05717
919.3	0.74888	0.057394
925.87	0.74693	0.057588
932.92	0.74498	0.057803
939.77	0.74304	0.058008
946.67	0.74112	0.058215
953.36	0.73921	0.05841
960.26	0.73732	0.058615
966.7	0.73542	0.058795
973.78	0.73349	0.059003
980.66	0.73158	0.0592
987.65	0.72968	0.059403
993.99	0.7278	0.059571
1000.6	0.72596	0.059758
1007	0.72411	0.059927
1013.9	0.72224	0.060119
1020.6	0.72039	0.060305
1027	0.71859	0.060471
1033.2	0.71679	0.060629
1039.6	0.71499	0.060799
1045.8	0.7132	0.060956
1052.4	0.7114	0.061127
1058.8	0.70962	0.061293
1065.1	0.70784	0.06145
1071.3	0.70606	0.061602
1077.8	0.70428	0.061763
1084	0.70253	0.061914
1090.2	0.70081	0.062066
1096.3	0.69908	0.062209
1102.5	0.69733	0.062355
1108.7	0.69558	0.062502
1115.1	0.69383	0.062653
1121.2	0.69207	0.062789
1127.5	0.69027	0.062928
1134	0.68849	0.06308
1140.2	0.68671	0.063212
1146.5	0.68495	0.063354
1152.6	0.68323	0.063482
1158.8	0.68151	0.063618
1165.1	0.67978	0.063755
1171.2	0.67805	0.063883
1177.4	0.67632	0.06401
1183.3	0.67459	0.064127
1189.6	0.67285	0.064256
1195.6	0.67112	0.064374
1201.9	0.66943	0.064504
1207.7	0.66776	0.064613
1213.5	0.66612	0.064724
1219.5	0.66446	0.064841
1225.5	0.66276	0.064952
1231.4	0.66107	0.065061
1237.3	0.6594	0.065167
1243.1	0.65776	0.065271
1248.7	0.65618	0.065369
1254.5	0.65461	0.065479
1260.2	0.65304	0.065584
1265.5	0.65148	0.065666
1271	0.64994	0.065761
1276.7	0.6484	0.065861
1281.9	0.64689	0.065945
1287.2	0.64539	0.06603
1292.4	0.64393	0.066116
1297.8	0.64245	0.066203
1303	0.64095	0.066282
1308.4	0.63946	0.066367
1313.8	0.63798	0.066456
1318.8	0.63651	0.066526
1324	0.63506	0.066602
1329.3	0.6336	0.066682
1334.7	0.6321	0.066763
1340.1	0.63061	0.066844
1345.2	0.62915	0.066915
1350.3	0.6277	0.066983
1355.5	0.62626	0.067055
1360.7	0.62481	0.067126
1365.9	0.62333	0.067195
1371.2	0.62184	0.067263
1376.4	0.62035	0.067329
1381.8	0.61886	0.067399
1387	0.61739	0.067465
1392.3	0.61592	0.06753
1397.5	0.61446	0.067595
1402.7	0.613	0.067656
1407.8	0.61156	0.067712
1412.8	0.61013	0.06777
1417.9	0.6087	0.067826
1423	0.60729	0.067883
1427.9	0.60589	0.067938
1433	0.6045	0.067993
1437.6	0.60313	0.068037
1442.6	0.60175	0.06809
1447.7	0.60033	0.06814
1452.7	0.59893	0.068193
1457.7	0.59756	0.068242
1462.3	0.59622	0.068282
1467	0.59493	0.068329
1471.6	0.59364	0.068371
1476	0.59236	0.068406
1480.6	0.59109	0.068449
1484.9	0.58986	0.068484
1489.4	0.58863	0.068526
1493.8	0.5874	0.068565
1498.2	0.58618	0.0686
1502.4	0.58499	0.068632
1506.6	0.5838	0.068665
1510.8	0.58258	0.068692
1515.2	0.58137	0.068727
1519.5	0.58014	0.068757
1524	0.57892	0.068794
1528.4	0.57768	0.068825
1532.8	0.57646	0.068853
1537	0.57527	0.068882
1541.2	0.57408	0.068907
1545.5	0.57287	0.068933
1549.8	0.57167	0.06896
1554.1	0.57047	0.068987
1558.3	0.56929	0.06901
1562.3	0.56812	0.06903
1566.6	0.56696	0.069056
1570.8	0.56577	0.069077
1575.1	0.5646	0.069104
1579.1	0.56343	0.06912
1583.4	0.56227	0.069147
1587.7	0.56109	0.069167
1591.7	0.55991	0.069178
1596	0.5587	0.069198
1600.3	0.55751	0.069217
1604.6	0.55634	0.069238
1608.7	0.55517	0.069251
1612.8	0.55401	0.069267
1616.9	0.55286	0.069279
1621.1	0.55172	0.069298
1625	0.55059	0.069308
1628.8	0.54948	0.069314
1632.9	0.54837	0.069329
1636.8	0.54727	0.06934
1640.6	0.54618	0.069347
1644.3	0.54511	0.069352
1648.3	0.54403	0.069366
1652.3	0.54293	0.069377
1656.2	0.54183	0.069383
1659.9	0.54075	0.069386
1663.7	0.53968	0.069393
1667.7	0.53859	0.069402
1671.6	0.53751	0.069409
1675.5	0.53643	0.069414
1679.2	0.53537	0.069416
1683.1	0.53431	0.069423
1686.6	0.53326	0.069417
1690.4	0.53223	0.069426
1694.2	0.5312	0.06943
1697.7	0.53017	0.069426
1701.3	0.52915	0.069424
1704.9	0.52812	0.069422
1708.5	0.52711	0.069422
1712	0.52614	0.069424
1715.5	0.52517	0.069422
1718.9	0.52422	0.069423
1722.3	0.52325	0.069419
1725.9	0.52225	0.069417
1729.6	0.52125	0.069416
1733.1	0.52027	0.069414
1736.4	0.51929	0.069404
1740.1	0.51828	0.0694
1743.7	0.51727	0.069396
1747.3	0.51623	0.069388
1751	0.5152	0.069381
1754.7	0.51419	0.06938
1758.3	0.51318	0.06937
1761.9	0.51216	0.069361
1765.5	0.51115	0.069352
1769	0.51017	0.069345
1772.4	0.50917	0.06933
1776.1	0.50815	0.06932
1779.9	0.50714	0.069318
1783.1	0.50618	0.0693
1786.6	0.50522	0.069293
1790	0.50425	0.069277
1793.5	0.50328	0.069267
1797.1	0.5023	0.069259
1800.5	0.50133	0.069243
1803.8	0.5004	0.069233
1807.2	0.49945	0.069219
1810.9	0.49847	0.06921
1814	0.49749	0.069185
1817.4	0.49654	0.069169
1821	0.49559	0.069159
1824.3	0.49464	0.069142
1827.6	0.4937	0.069126
1831	0.49275	0.069109
1834.4	0.49181	0.069094
1837.8	0.49087	0.069079
1841.1	0.48992	0.069058
1844.7	0.48896	0.069044
1848	0.48801	0.069022
1851.2	0.48707	0.068998
1854.7	0.48612	0.068982
1858	0.48516	0.068959
1861.5	0.48421	0.06894
1864.8	0.48326	0.068918
1868.3	0.48232	0.068899
1871.4	0.48142	0.068878
1874.7	0.48051	0.068857
1878.2	0.47953	0.068833
1881.7	0.47855	0.068809
1885.2	0.47758	0.068786
1888.6	0.47661	0.06876
1892.1	0.47562	0.068734
1895.6	0.47463	0.068706
1898.9	0.47365	0.068674
1902.5	0.47268	0.068653
1906.1	0.47169	0.068627
1909.5	0.47071	0.068596
1913.2	0.46972	0.068573
1916.6	0.46873	0.06854
1920.3	0.46771	0.06851
1923.9	0.46669	0.068477
1927.6	0.46564	0.068445
1931.3	0.46459	0.068411
1935.2	0.46352	0.068379
1938.8	0.46246	0.06834
1942.7	0.46136	0.068303
1946.6	0.46027	0.068266
1950.5	0.45919	0.068229
1954.4	0.45808	0.068191
1958.8	0.45687	0.06815
1962.9	0.45569	0.068105
1966.8	0.4546	0.068067
1970.6	0.45352	0.068025
1974.4	0.45246	0.067984
1978.1	0.45142	0.067945
1981.5	0.45044	0.067905
1985	0.44948	0.06787
1988.3	0.44856	0.067832
1991.6	0.44764	0.067799
1994.8	0.44676	0.067765
1997.8	0.44588	0.067725
2000.8	0.44505	0.067691
2003.7	0.44422	0.067655
2006.7	0.44339	0.067622
2009.7	0.44255	0.067587
2012.7	0.4417	0.067548
2015.8	0.44085	0.067513
2018.7	0.43994	0.067465
2021.7	0.43904	0.067417
2024.8	0.43813	0.067373
2027.7	0.43722	0.067319
2030.7	0.43629	0.067268
2033.7	0.43536	0.067218
2036.9	0.4344	0.067165
2040	0.43346	0.067113
2042.9	0.43256	0.067061
2045.9	0.43165	0.06701
2049	0.4307	0.066956
2052.1	0.42976	0.066903
2055.2	0.42884	0.066852
2058.1	0.42793	0.066797
2061	0.42701	0.066742
2064.1	0.4261	0.06669
2067.1	0.42518	0.066635
2070.1	0.42427	0.06658
2073.1	0.42332	0.06652
2076.4	0.42237	0.066468
2079.5	0.42141	0.066409
2082.7	0.42044	0.066351
2086	0.41946	0.066293
2089.2	0.41847	0.06623
2092.5	0.41747	0.066169
2095.9	0.41647	0.066107
2099.3	0.41546	0.066045
2102.5	0.41445	0.065978
2105.8	0.41344	0.065912
2109.3	0.41244	0.065854
2112.5	0.41148	0.065791
2115.6	0.41053	0.065728
2118.6	0.40959	0.065665
2121.9	0.40864	0.065605
2125.1	0.40769	0.065543
2128.1	0.40675	0.065478
2131.2	0.40583	0.065418
2134.2	0.40491	0.065354
2137.3	0.40397	0.06529
2140.4	0.40304	0.065227
2143.5	0.40209	0.065159
2146.6	0.40115	0.065095
2149.9	0.40018	0.065029
2153.1	0.39921	0.064962
2156.3	0.39823	0.064891
2159.6	0.39726	0.064825
2162.8	0.3963	0.064756
2166	0.39535	0.064689
2169	0.39445	0.064625
2172	0.39356	0.06456
2175.1	0.39267	0.064499
2177.9	0.39179	0.06443
2180.8	0.39091	0.064366
2183.6	0.39004	0.0643
2186.5	0.38918	0.064234
2189.4	0.38831	0.064172
2192.2	0.38745	0.064104
2195.1	0.3866	0.064043
2197.9	0.38575	0.063976
2200.7	0.38491	0.063912
2203.8	0.384	0.063843
2206.7	0.38311	0.063775
2209.6	0.38224	0.063707
2212.5	0.38137	0.063639
2215.4	0.38051	0.063571
2218.3	0.37964	0.063503
2221.3	0.37875	0.063433
2224.2	0.37786	0.063362
2227.2	0.37691	0.063282
2230.6	0.37597	0.063212
2233.6	0.37508	0.063141
2236.5	0.37419	0.063068
2239.4	0.3733	0.062993
2242.5	0.37242	0.062924
2245.5	0.37153	0.062851
2248.4	0.37065	0.062778
2251.3	0.36976	0.062703
2254.3	0.36888	0.062631
2257.1	0.36804	0.06256
2260	0.36721	0.062492
2262.8	0.36655	0.062451
2265.7	0.36589	0.062414
2268.5	0.36527	0.06238
2271.2	0.36465	0.062342
2274	0.36403	0.062307
2276.7	0.36341	0.062268
2279.4	0.3628	0.062234
2282.1	0.36218	0.062194
2284.7	0.36157	0.062156
2287.5	0.36096	0.062121
2290.2	0.36032	0.062078
2293	0.35969	0.06204
2295.9	0.35904	0.062001
2298.6	0.35839	0.061957
2301.3	0.35779	0.061919
2303.9	0.35718	0.061881
2306.5	0.3566	0.061843
2309.1	0.35602	0.061807
2311.4	0.35551	0.061776
2313.7	0.35499	0.061744
2316.2	0.35445	0.061711
2318.6	0.35391	0.061676
2321.1	0.35337	0.061644
2323.4	0.35283	0.061607
2325.7	0.35235	0.061578
2327.8	0.35186	0.061546
2330.2	0.35135	0.061514
2332.5	0.35084	0.061481
2334.5	0.3504	0.061453
2336.6	0.34996	0.061426
2339	0.3494	0.061387
2341.4	0.34886	0.061352
2343.7	0.34837	0.061321
2345.9	0.34789	0.061289
2347.8	0.34747	0.061261
2349.8	0.34704	0.061234
2351.8	0.34661	0.061207
2353.9	0.34618	0.061181
2355.8	0.34578	0.061156
2357.7	0.34538	0.061131
2359.6	0.34509	0.061126
2361.2	0.3448	0.061112
2362.9	0.34452	0.061104
2364.7	0.34424	0.061098
2366.5	0.34394	0.061088
2368.3	0.34364	0.061079
2370	0.34339	0.061074
2371.6	0.34313	0.061067
2373.3	0.34288	0.061062
2374.9	0.34263	0.061057
2376.6	0.34239	0.061053
2378.2	0.34214	0.061047
2379.9	0.34186	0.061038
2381.7	0.34158	0.061032
2383.5	0.34133	0.061029
2385	0.34108	0.06102
2386.6	0.34084	0.061017
2388.1	0.34061	0.061011
2389.6	0.34039	0.061006
2391.1	0.34018	0.061005
2392.8	0.33994	0.061001
2394.4	0.3397	0.060996
2396	0.33947	0.060992
2397.5	0.33924	0.060986
2399	0.33904	0.060987
2400.3	0.33885	0.060983
2401.6	0.33866	0.06098
2403.1	0.33848	0.060983
2404.4	0.33831	0.060983
2405.8	0.33814	0.060984
2407.1	0.33798	0.060987
2408.4	0.33781	0.060988
2409.8	0.33765	0.06099
2411	0.3375	0.060992
2412.3	0.33735	0.060995
2413.6	0.3372	0.060998
2414.9	0.33703	0.060999
2416.2	0.33687	0.061001
2417.5	0.3367	0.060999
2418.8	0.33652	0.060997
2420.1	0.33621	0.060972
2421.3	0.3359	0.060945
2422.6	0.33558	0.060916
2423.7	0.33526	0.060884
2424.8	0.33494	0.060852
2426.1	0.33461	0.060823
2427.5	0.33426	0.060791
2428.7	0.33391	0.060755
2429.9	0.33359	0.060726
2431.1	0.33326	0.060694
2432.3	0.33292	0.06066
2433.6	0.33259	0.060629
2434.8	0.33226	0.060596
2436	0.33193	0.060565
2437.2	0.33162	0.060537
2438.3	0.33131	0.060506
2439.6	0.33098	0.060473
2440.8	0.33066	0.060442
2441.8	0.33036	0.060413
2443	0.33007	0.060385
2444	0.32979	0.060358
2445.1	0.32951	0.060331
2446.2	0.32923	0.060307
2447.2	0.32894	0.060275
2448.2	0.32866	0.060248
2449.3	0.32837	0.06022
2450.4	0.32808	0.060191
2451.4	0.3278	0.060164
2452.5	0.32751	0.060136
2453.6	0.32723	0.060108
2454.6	0.32694	0.060079
2455.7	0.32665	0.060051
2456.8	0.32637	0.060024
2457.8	0.32609	0.059996
2458.9	0.32581	0.059969
2459.9	0.32553	0.05994
2461	0.32524	0.05991
2462.1	0.32495	0.059882
2463.2	0.32466	0.059853
2464.2	0.32438	0.059825
2465.2	0.32408	0.059793
2466.3	0.32378	0.059762
2467.3	0.32348	0.05973
2468.4	0.32318	0.059698
2469.4	0.32289	0.059667
2470.4	0.32259	0.059636
2471.5	0.32229	0.059605
2472.5	0.32199	0.059572
2473.6	0.3217	0.059541
2474.6	0.32141	0.05951
2475.6	0.32112	0.059479
2476.6	0.32083	0.059448
2477.6	0.32053	0.059415
2478.7	0.32024	0.059385
2479.7	0.31994	0.059352
2480.7	0.31964	0.05932
2481.9	0.31932	0.059285
2483	0.319	0.059251
2484	0.31869	0.059216
2485.1	0.31839	0.059185
2486.1	0.31809	0.059152
2487.2	0.3178	0.059121
2488.3	0.31749	0.059087
2489.3	0.31718	0.059053
2490.5	0.31686	0.059019
2491.6	0.31653	0.058982
2492.6	0.31624	0.05895
2493.6	0.31595	0.058919
2494.6	0.31565	0.058886
2495.7	0.31536	0.058854
2496.7	0.31507	0.058823
2497.7	0.31478	0.058791
2498.8	0.31444	0.058752
2500	0.31411	0.058716
2501.1	0.31381	0.058684
2502.1	0.31351	0.05865
2503.1	0.31322	0.058618
2504.2	0.31293	0.058586
2505.2	0.31262	0.058551
2506.3	0.31232	0.058517
2507.4	0.312	0.058482
2508.5	0.31168	0.058446
2509.6	0.31139	0.058415
2510.6	0.31109	0.05838
2511.6	0.31078	0.058345
2512.7	0.31047	0.058311
2513.8	0.31017	0.058278
2514.8	0.30987	0.058243
2515.9	0.30956	0.058208
2517	0.30925	0.058173
2518.1	0.30893	0.058138
2519.2	0.3086	0.058099
2520.3	0.30829	0.058065
2521.4	0.30798	0.05803
2522.5	0.30765	0.057991
2523.7	0.30733	0.057956
2524.8	0.30703	0.057923
2525.8	0.30672	0.057886
2526.9	0.30642	0.057853
2527.9	0.30612	0.057818
2528.9	0.30583	0.057785
2529.9	0.30554	0.057751
2530.9	0.30526	0.05772
2531.9	0.30498	0.057687
2532.8	0.30469	0.057653
2533.9	0.3044	0.05762
2534.9	0.30411	0.057587
2535.9	0.30383	0.057554
2537	0.30354	0.057523
2537.9	0.30325	0.057488
2539	0.30296	0.057455
2539.9	0.30267	0.05742
2540.8	0.30241	0.05739
2541.8	0.30214	0.057358
2542.7	0.30187	0.057328
2543.7	0.3016	0.057296
2544.6	0.30132	0.057262
2545.6	0.30105	0.057232
2546.6	0.30076	0.057198
2547.6	0.30047	0.057164
2548.6	0.30019	0.057131
2549.5	0.29991	0.057098
2550.5	0.29963	0.057065
2551.5	0.29935	0.057032
2552.5	0.29907	0.056999
2553.5	0.29878	0.056965
2554.4	0.2985	0.056931
2555.4	0.29822	0.056899
2556.5	0.29793	0.056865
2557.5	0.29764	0.05683
2558.4	0.29737	0.056798
2559.3	0.2971	0.056765
2560.3	0.29682	0.056733
2561.3	0.29653	0.056697
2562.3	0.29625	0.056664
2563.3	0.29597	0.056631
2564.2	0.29569	0.056597
2565.2	0.29542	0.056565
2566.1	0.29514	0.056532
2567.1	0.29486	0.056498
2568.1	0.29456	0.056461
2569.2	0.29425	0.056424
2570.2	0.29396	0.05639
2571.2	0.29368	0.056356
2572.2	0.29339	0.056321
2573.2	0.2931	0.056286
2574.2	0.29281	0.056251
2575.2	0.29252	0.056216
2576.2	0.29224	0.056182
2577.2	0.29196	0.056148
2578.2	0.29166	0.05611
2579.3	0.29136	0.056074
2580.3	0.29107	0.056039
2581.3	0.29079	0.056005
2582.3	0.29049	0.055969
2583.4	0.29019	0.055932
2584.3	0.28991	0.055898
2585.3	0.28963	0.055863
2586.2	0.28936	0.055829
2587.2	0.28908	0.055795
2588.2	0.28878	0.055758
2589.3	0.28847	0.05572
2590.3	0.28819	0.055686
2591.3	0.28791	0.055651
2592.2	0.28763	0.055616
2593.2	0.28734	0.05558
2594.2	0.28706	0.055545
2595.1	0.28678	0.05551
2596	0.28651	0.055476
2597	0.28624	0.055443
2598	0.28595	0.055407
2598.9	0.28566	0.05537
2599.9	0.28538	0.055335
2600.9	0.2851	0.0553
2601.8	0.28483	0.055266
2602.8	0.28456	0.055232
2603.7	0.28429	0.055198
2604.6	0.28402	0.055165
2605.7	0.28373	0.055128
2606.6	0.28344	0.055091
2607.6	0.28315	0.055055
2608.6	0.28287	0.05502
2609.7	0.28257	0.054982
2610.7	0.28227	0.054943
2611.7	0.28199	0.054909
2612.6	0.28171	0.054873
2613.7	0.28141	0.054835
2614.7	0.2811	0.054795
2615.7	0.28081	0.054758
2616.7	0.28051	0.054719
2617.8	0.28022	0.054683
2618.8	0.27992	0.054644
2619.9	0.27962	0.054607
2620.8	0.27932	0.054567
2621.8	0.27903	0.054529
2622.8	0.27875	0.054494
2623.8	0.27845	0.054455
2624.9	0.27815	0.054417
2625.9	0.27783	0.054374
2627	0.27752	0.054335
2628.1	0.2772	0.054293
2629.2	0.27689	0.054254
2630.3	0.27659	0.054216
2631.3	0.27628	0.054175
2632.3	0.27598	0.054135
2633.3	0.27568	0.054097
2634.4	0.27536	0.054054
2635.5	0.27503	0.054011
2636.6	0.27471	0.053969
2637.7	0.2744	0.053929
2638.8	0.27407	0.053885
2639.9	0.27374	0.053842
2641.1	0.27342	0.053801
2642.1	0.27311	0.05376
2643.2	0.27278	0.053715
2644.3	0.27246	0.053674
2645.4	0.27212	0.053628
2646.6	0.27179	0.053585
2647.8	0.27145	0.053541
2649	0.27111	0.053496
2650.1	0.27078	0.053452
2651.2	0.27045	0.053408
2652.3	0.27011	0.053361
2653.5	0.26978	0.053318
2654.7	0.26944	0.053273
2655.8	0.26911	0.053229
2657	0.26877	0.053184
2658.2	0.26843	0.053139
2659.3	0.2681	0.053094
2660.4	0.26777	0.05305
2661.5	0.26744	0.053005
2662.6	0.26712	0.052963
2663.7	0.2668	0.052919
2664.8	0.26648	0.052877
2665.9	0.26616	0.052833
2667	0.26584	0.05279
2668.1	0.26553	0.052748
2669.1	0.26522	0.052706
2670.3	0.26489	0.052662
2671.4	0.26457	0.052618
2672.4	0.26425	0.052575
2673.5	0.26393	0.052531
2674.6	0.26362	0.052488
2675.6	0.2633	0.052444
2676.7	0.26299	0.052403
2677.8	0.26267	0.052359
2678.8	0.26235	0.052314
2679.9	0.26203	0.05227
2681	0.26172	0.052228
2682.1	0.26141	0.052185
2683.1	0.2611	0.052143
2684.3	0.26078	0.052099
2685.4	0.26046	0.052056
2686.4	0.26014	0.05201
2687.5	0.25982	0.051966
2688.6	0.2595	0.051922
2689.7	0.25918	0.051878
2690.8	0.25885	0.051832
2691.9	0.25852	0.051786
2693.1	0.25818	0.051739
2694.2	0.25784	0.051691
2695.4	0.2575	0.051644
2696.5	0.25717	0.051598
2697.7	0.25684	0.051553
2698.8	0.25652	0.051508
2699.8	0.2562	0.051463
2700.9	0.25587	0.051416
2702.1	0.25553	0.051368
2703.3	0.25519	0.051322
2704.4	0.25486	0.051275
2705.6	0.25452	0.051227
2706.7	0.25418	0.051179
2707.9	0.25385	0.051133
2708.9	0.25352	0.051085
2710.1	0.25319	0.05104
2711.3	0.25285	0.050991
2712.4	0.25251	0.050943
2713.5	0.25218	0.050896
2714.7	0.25184	0.050848
2715.9	0.2515	0.0508
2716.9	0.25118	0.050754
2718	0.25087	0.05071
2719.1	0.25054	0.050662
2720.3	0.25019	0.050612
2721.5	0.24985	0.050565
2722.6	0.24951	0.050515
2723.7	0.24917	0.050466
2724.9	0.24882	0.050415
2726.1	0.24848	0.050368
2727.3	0.24814	0.050319
2728.5	0.24778	0.050267
2729.7	0.24742	0.050214
2730.9	0.24707	0.050164
2732.1	0.24672	0.050114
2733.2	0.24636	0.05006
2734.6	0.24599	0.050008
2735.8	0.24562	0.049954
2737.1	0.24525	0.0499
2738.3	0.24487	0.049844
2739.7	0.24448	0.049789
2740.9	0.24412	0.049737
2742.1	0.24376	0.049683
2743.3	0.24341	0.049632
2744.5	0.24307	0.049582
2745.7	0.24271	0.04953
2747	0.24234	0.049476
2748.2	0.24198	0.049423
2749.4	0.24163	0.049372
2750.6	0.24127	0.049318
2751.8	0.24091	0.049266
2753	0.24056	0.049213
2754.2	0.24021	0.049162
2755.4	0.23985	0.049109
2756.7	0.23948	0.049055
2758	0.23911	0.049
2759.3	0.23874	0.048946
2760.5	0.23837	0.04889
2761.7	0.238	0.048835
2763	0.23763	0.04878
2764.2	0.23726	0.048724
2765.5	0.2369	0.048671
2766.6	0.23656	0.04862
2767.8	0.23622	0.048569
2768.9	0.23589	0.04852
2770	0.23555	0.048469
2771.2	0.23521	0.048418
2772.3	0.23488	0.048368
2773.5	0.23455	0.048319
2774.6	0.23422	0.048269
2775.7	0.23389	0.048219
2776.8	0.23355	0.048168
2778	0.23321	0.048116
2779.1	0.23287	0.048065
2780.3	0.23252	0.048012
2781.4	0.2322	0.047964
2782.4	0.23189	0.047916
2783.5	0.23158	0.047869
2784.5	0.23128	0.047823
2785.5	0.23097	0.047776
2786.6	0.23064	0.047725
2787.8	0.23031	0.047675
2788.9	0.22997	0.047623
2790	0.22965	0.047574
2791.1	0.22933	0.047525
2792.2	0.229	0.047475
2793.3	0.22865	0.04742
2794.5	0.22832	0.04737
2795.5	0.22799	0.047319
2796.6	0.22767	0.047269
2797.7	0.22736	0.047222
2798.8	0.22704	0.047173
2799.9	0.22671	0.047121
2800.9	0.2264	0.047073
2801.9	0.22609	0.047025
2802.9	0.22577	0.046974
2804	0.22546	0.046926
2805.1	0.22513	0.046875
2806.3	0.22479	0.046823
2807.3	0.22448	0.046774
2808.3	0.22419	0.046729
2809.3	0.22389	0.046682
2810.3	0.22359	0.046636
2811.3	0.22329	0.046589
2812.3	0.223	0.046544
2813.3	0.22268	0.046493
2814.4	0.22236	0.046442
2815.4	0.22205	0.046393
2816.4	0.22174	0.046345
2817.5	0.22144	0.046298
2818.4	0.22115	0.046252
2819.4	0.22086	0.046206
2820.3	0.22058	0.046161
2821.2	0.22029	0.046115
2822.1	0.22001	0.046071
2823.1	0.21973	0.046027
2824	0.21945	0.045982
2825	0.21917	0.045938
2825.9	0.21889	0.045894
2826.8	0.21861	0.045849
2827.7	0.21834	0.045806
2828.5	0.21807	0.045762
2829.4	0.2178	0.045719
2830.3	0.21753	0.045676
2831.3	0.21726	0.045633
2832.1	0.21698	0.045587
2833.1	0.21669	0.045542
2834	0.2164	0.045494
2835	0.21612	0.04545
2835.9	0.21584	0.045405
2836.8	0.21556	0.04536
2837.7	0.21528	0.045315
2838.7	0.215	0.04527
2839.6	0.21472	0.045224
2840.5	0.21445	0.045181
2841.4	0.21417	0.045136
2842.3	0.21389	0.045091
2843.2	0.21362	0.045047
2844.1	0.21336	0.045005
2845	0.21309	0.044961
2845.8	0.21282	0.044917
2846.7	0.21256	0.044875
2847.5	0.2123	0.044832
2848.4	0.21204	0.04479
2849.2	0.21177	0.044746
2850.1	0.21152	0.044706
2850.9	0.21127	0.044665
2851.6	0.21104	0.044627
2852.4	0.21081	0.044589
2853.1	0.21059	0.044553
2853.8	0.21037	0.044517
2854.5	0.21016	0.044482
2855.1	0.20995	0.044447
2855.8	0.20974	0.044413
2856.4	0.20954	0.04438
2857.1	0.20934	0.044347
2857.7	0.20914	0.044314
2858.4	0.20894	0.044281
2859	0.20874	0.044247
2859.6	0.20855	0.044216
2860.2	0.20835	0.044183
2860.8	0.20816	0.044151
2861.4	0.20796	0.044118
2862	0.20777	0.044086
2862.7	0.20758	0.044055
2863.3	0.20739	0.044023
2863.9	0.20719	0.043989
2864.5	0.207	0.043958
2865.1	0.20681	0.043926
2865.7	0.20662	0.043895
2866.3	0.20642	0.043861
2866.9	0.20623	0.043829
2867.5	0.20603	0.043796
2868.1	0.20584	0.043764
2868.8	0.20564	0.043731
2869.4	0.20544	0.043697
2870	0.20524	0.043663
2870.6	0.20504	0.04363
2871.3	0.20484	0.043597
2871.9	0.20463	0.043561
2872.6	0.20443	0.043528
2873.2	0.20422	0.043492
2873.9	0.20401	0.043457
2874.6	0.20379	0.04342
2875.2	0.20358	0.043384
2875.9	0.20337	0.043349
2876.6	0.20315	0.043312
2877.3	0.20293	0.043275
2878	0.20271	0.043238
2878.7	0.20248	0.043199
2879.4	0.20225	0.04316
2880.2	0.20203	0.043123
2880.9	0.2018	0.043085
2881.6	0.20156	0.043044
2882.4	0.20133	0.043005
2883.1	0.20109	0.042965
2883.9	0.20085	0.042924
2884.7	0.20061	0.042883
2885.4	0.20037	0.042843
2886.2	0.20012	0.0428
2887	0.19988	0.04276
2887.8	0.19963	0.042718
2888.6	0.19938	0.042675
2889.4	0.19913	0.042633
2890.2	0.19888	0.04259
2891	0.19863	0.042548
2891.8	0.19838	0.042506
2892.6	0.19813	0.042463
2893.4	0.19788	0.042421
2894.2	0.19763	0.042378
2895	0.19738	0.042336
2895.8	0.19713	0.042293
2896.6	0.19688	0.04225
2897.4	0.19664	0.04221
2898.2	0.19639	0.042167
2899	0.19615	0.042126
2899.8	0.19592	0.042087
2900.5	0.19568	0.042046
2901.3	0.19545	0.042007
2902	0.19521	0.041966
2902.8	0.19498	0.041926
2903.5	0.19476	0.041889
2904.3	0.19453	0.04185
2905	0.19431	0.041812
2905.7	0.19408	0.041772
2906.4	0.19386	0.041735
2907.1	0.19364	0.041697
2907.8	0.19342	0.041659
2908.5	0.19321	0.041623
2909.2	0.19299	0.041585
2909.9	0.19277	0.041548
2910.6	0.19255	0.04151
2911.4	0.19233	0.041472
2912.1	0.19211	0.041434
2912.8	0.19189	0.041396
2913.5	0.19166	0.041356
2914.2	0.19144	0.041318
2915	0.19121	0.041278
2915.7	0.19098	0.041238
2916.4	0.19075	0.041199
2917.2	0.19051	0.041157
2918	0.19027	0.041115
2918.7	0.19003	0.041074
2919.5	0.18978	0.04103
2920.3	0.18953	0.040987
2921.1	0.18927	0.040941
2922	0.18901	0.040896
2922.8	0.18875	0.040851
2923.7	0.18848	0.040803
2924.5	0.18821	0.040756
2925.4	0.18793	0.040707
2926.3	0.18765	0.040658
2927.2	0.18737	0.04061
2928.1	0.18708	0.040559
2929.1	0.18679	0.040508
2930	0.18649	0.040455
2931	0.18619	0.040403
2932	0.18589	0.04035
2932.9	0.18558	0.040296
2933.9	0.18527	0.040241
2934.9	0.18496	0.040186
2935.9	0.18465	0.040132
2936.9	0.18433	0.040075
2937.9	0.18402	0.040021
2938.9	0.1837	0.039964
2939.9	0.18339	0.039909
2940.9	0.18307	0.039852
2941.9	0.18276	0.039798
2942.9	0.18244	0.039741
2943.9	0.18213	0.039686
2944.9	0.18182	0.039631
2945.9	0.1815	0.039574
2946.9	0.18119	0.039519
2947.9	0.18089	0.039466
2948.8	0.18058	0.03941
2949.8	0.18027	0.039355
2950.8	0.17997	0.039301
2951.7	0.17967	0.039248
2952.7	0.17937	0.039194
2953.6	0.17907	0.03914
2954.6	0.17878	0.039089
2955.5	0.17848	0.039035
2956.4	0.17819	0.038983
2957.3	0.1779	0.038931
2958.2	0.17762	0.038881
2959.1	0.17733	0.038828
2960	0.17705	0.038778
2960.9	0.17677	0.038728
2961.8	0.17649	0.038677
2962.6	0.17621	0.038626
2963.5	0.17594	0.038578
2964.4	0.17567	0.038529
2965.2	0.1754	0.03848
2966.1	0.17513	0.038431
2966.9	0.17486	0.038382
2967.7	0.1746	0.038335
2968.5	0.17434	0.038288
2969.4	0.17408	0.038241
2970.2	0.17382	0.038194
2971	0.17356	0.038146
2971.8	0.1733	0.038099
2972.6	0.17305	0.038054
2973.4	0.17279	0.038006
2974.2	0.17254	0.03796
2974.9	0.17229	0.037915
2975.7	0.17204	0.037869
2976.5	0.17179	0.037824
2977.3	0.17154	0.037778
2978	0.17129	0.037732
2978.8	0.17105	0.037688
2979.6	0.1708	0.037642
2980.3	0.17055	0.037596
2981.1	0.17031	0.037552
2981.9	0.17007	0.037508
2982.6	0.16982	0.037462
2983.4	0.16958	0.037418
2984.1	0.16934	0.037374
2984.9	0.16909	0.037328
2985.6	0.16885	0.037284
2986.4	0.16861	0.03724
2987.1	0.16837	0.037195
2987.9	0.16813	0.037151
2988.6	0.16789	0.037107
2989.4	0.16765	0.037063
2990.1	0.1674	0.037016
2990.9	0.16716	0.036972
2991.6	0.16692	0.036927
2992.4	0.16668	0.036883
2993.1	0.16644	0.036839
2993.9	0.1662	0.036794
2994.6	0.16596	0.03675
2995.4	0.16571	0.036703
2996.1	0.16547	0.036659
2996.9	0.16523	0.036614
2997.6	0.16498	0.036567
2998.4	0.16474	0.036523
2999.1	0.1645	0.036478
2999.9	0.16425	0.036431
3000.6	0.16401	0.036387
3001.4	0.16376	0.03634
3002.2	0.16351	0.036293
3002.9	0.16327	0.036249
3003.7	0.16302	0.036202
3004.5	0.16277	0.036155
3005.2	0.16252	0.036108
3006	0.16227	0.036062
3006.8	0.16202	0.036015
3007.6	0.16177	0.035968
3008.4	0.16151	0.035919
3009.1	0.16126	0.035872
3009.9	0.16101	0.035826
3010.7	0.16075	0.035777
3011.5	0.16049	0.035728
3012.3	0.16023	0.035679
3013.1	0.15998	0.035632
3013.9	0.15972	0.035583
3014.7	0.15945	0.035532
3015.5	0.15919	0.035483
3016.4	0.15893	0.035434
3017.2	0.15866	0.035383
3018	0.1584	0.035334
3018.8	0.15813	0.035283
3019.6	0.15787	0.035234
3020.5	0.1576	0.035183
3021.3	0.15733	0.035132
3022.1	0.15706	0.03508
3023	0.15679	0.035029
3023.8	0.15652	0.034978
3024.7	0.15625	0.034927
3025.5	0.15597	0.034874
3026.3	0.1557	0.034822
3027.2	0.15543	0.034771
3028	0.15515	0.034718
3028.9	0.15488	0.034666
3029.7	0.15461	0.034615
3030.6	0.15433	0.034561
3031.4	0.15406	0.03451
3032.3	0.15378	0.034456
3033.1	0.15351	0.034405
3033.9	0.15324	0.034353
3034.8	0.15296	0.0343
3035.6	0.15269	0.034248
3036.5	0.15242	0.034196
3037.3	0.15215	0.034145
3038.1	0.15188	0.034093
3039	0.15161	0.034041
3039.8	0.15134	0.033989
3040.6	0.15107	0.033937
3041.4	0.15081	0.033887
3042.2	0.15055	0.033837
3043	0.15028	0.033785
3043.8	0.15003	0.033737
3044.6	0.14977	0.033687
3045.4	0.14951	0.033637
3046.2	0.14926	0.033589
3047	0.14901	0.033541
3047.7	0.14876	0.033492
3048.5	0.14851	0.033444
3049.2	0.14827	0.033397
3050	0.14802	0.033349
3050.7	0.14778	0.033302
3051.4	0.14755	0.033258
3052.2	0.14731	0.033211
3052.9	0.14708	0.033167
3053.6	0.14685	0.033122
3054.3	0.14662	0.033078
3055	0.14639	0.033033
3055.7	0.14616	0.032988
3056.4	0.14594	0.032945
3057	0.14571	0.0329
3057.7	0.14549	0.032857
3058.4	0.14527	0.032815
3059.1	0.14505	0.032772
3059.7	0.14484	0.032731
3060.4	0.14462	0.032688
3061	0.1444	0.032645
3061.7	0.14419	0.032604
3062.4	0.14397	0.032561
3063	0.14376	0.03252
3063.7	0.14354	0.032477
3064.3	0.14333	0.032436
3065	0.14311	0.032392
3065.6	0.14289	0.032349
3066.3	0.14268	0.032308
3067	0.14246	0.032265
3067.6	0.14224	0.032222
3068.3	0.14202	0.032179
3069	0.1418	0.032135
3069.7	0.14158	0.032092
3070.3	0.14135	0.032047
3071	0.14113	0.032004
3071.7	0.1409	0.031959
3072.4	0.14067	0.031913
3073.1	0.14044	0.031868
3073.9	0.1402	0.031821
3074.6	0.13997	0.031776
3075.3	0.13973	0.031728
3076	0.13949	0.031681
3076.8	0.13925	0.031633
3077.5	0.13901	0.031586
3078.3	0.13877	0.031539
3079	0.13852	0.031489
3079.8	0.13828	0.031442
3080.5	0.13803	0.031392
3081.3	0.13779	0.031345
3082	0.13754	0.031295
3082.8	0.13729	0.031246
3083.5	0.13705	0.031198
3084.3	0.1368	0.031149
3085	0.13655	0.031099
3085.8	0.1363	0.031049
3086.6	0.13606	0.031001
3087.3	0.13581	0.030952
3088.1	0.13557	0.030904
3088.8	0.13532	0.030854
3089.5	0.13508	0.030806
3090.3	0.13484	0.030759
3091	0.13459	0.030708
3091.7	0.13435	0.03066
3092.5	0.13412	0.030615
3093.2	0.13388	0.030567
3093.9	0.13364	0.030519
3094.6	0.13341	0.030473
3095.3	0.13318	0.030427
3096	0.13295	0.030381
3096.7	0.13272	0.030335
3097.4	0.13249	0.030288
3098.1	0.13227	0.030244
3098.8	0.13204	0.030198
3099.4	0.13182	0.030154
3100.1	0.1316	0.03011
3100.8	0.13138	0.030066
3101.4	0.13116	0.030021
3102.1	0.13094	0.029977
3102.8	0.13072	0.029933
3103.4	0.13051	0.02989
3104.1	0.13029	0.029846
3104.7	0.13008	0.029804
3105.4	0.12986	0.029759
3106	0.12965	0.029717
3106.6	0.12944	0.029675
3107.3	0.12922	0.02963
3107.9	0.12901	0.029588
3108.6	0.1288	0.029545
3109.2	0.12859	0.029503
3109.9	0.12837	0.029458
3110.5	0.12816	0.029415
3111.1	0.12795	0.029373
3111.8	0.12774	0.02933
3112.4	0.12753	0.029288
3113	0.12731	0.029243
3113.7	0.1271	0.029201
3114.3	0.12689	0.029158
3115	0.12668	0.029115
3115.6	0.12646	0.02907
3116.2	0.12625	0.029028
3116.9	0.12604	0.028985
3117.5	0.12583	0.028943
3118.2	0.12561	0.028898
3118.8	0.1254	0.028855
3119.5	0.12519	0.028812
3120.1	0.12497	0.028767
3120.8	0.12476	0.028724
3121.4	0.12455	0.028682
3122	0.12433	0.028637
3122.7	0.12412	0.028594
3123.3	0.12391	0.028551
3124	0.12369	0.028506
3124.6	0.12348	0.028463
3125.3	0.12326	0.028418
3125.9	0.12305	0.028375
3126.6	0.12284	0.028332
3127.2	0.12262	0.028287
3127.9	0.12241	0.028244
3128.5	0.12219	0.028199
3129.1	0.12198	0.028156
3129.8	0.12177	0.028113
3130.4	0.12155	0.028068
3131.1	0.12134	0.028024
3131.7	0.12113	0.027981
3132.4	0.12091	0.027936
3133	0.1207	0.027893
3133.6	0.12049	0.02785
3134.3	0.12028	0.027807
3134.9	0.12006	0.027761
3135.6	0.11985	0.027718
3136.2	0.11964	0.027675
3136.8	0.11943	0.027631
3137.5	0.11922	0.027588
3138.1	0.119	0.027542
3138.8	0.11879	0.027499
3139.4	0.11858	0.027456
3140	0.11837	0.027412
3140.7	0.11816	0.027369
3141.3	0.11795	0.027326
3141.9	0.11774	0.027282
3142.6	0.11753	0.027239
3143.2	0.11732	0.027195
3143.8	0.11711	0.027152
3144.4	0.1169	0.027108
3145.1	0.11669	0.027064
3145.7	0.11649	0.027023
3146.3	0.11628	0.02698
3147	0.11607	0.026936
3147.6	0.11586	0.026892
3148.2	0.11565	0.026849
3148.8	0.11545	0.026807
3149.5	0.11524	0.026763
3150.1	0.11503	0.02672
3150.7	0.11482	0.026676
3151.3	0.11462	0.026634
3152	0.11441	0.026591
3152.6	0.1142	0.026547
3153.2	0.11399	0.026503
3153.8	0.11379	0.026461
3154.4	0.11358	0.026417
3155.1	0.11337	0.026373
3155.7	0.11317	0.026332
3156.3	0.11296	0.026288
3156.9	0.11275	0.026244
3157.6	0.11255	0.026202
3158.2	0.11234	0.026158
3158.8	0.11213	0.026114
3159.4	0.11193	0.026072
3160	0.11172	0.026028
3160.7	0.11151	0.025984
3161.3	0.11131	0.025942
3161.9	0.1111	0.025898
3162.5	0.11089	0.025854
3163.1	0.11069	0.025812
3163.8	0.11048	0.025768
3164.4	0.11027	0.025724
3165	0.11007	0.025682
3165.6	0.10986	0.025638
3166.2	0.10965	0.025593
3166.9	0.10945	0.025552
3167.5	0.10924	0.025507
3168.1	0.10903	0.025463
3168.7	0.10882	0.025419
3169.3	0.10862	0.025377
3170	0.10841	0.025332
3170.6	0.1082	0.025288
3171.2	0.10799	0.025244
3171.8	0.10778	0.025199
3172.5	0.10758	0.025157
3173.1	0.10737	0.025113
3173.7	0.10716	0.025068
3174.3	0.10695	0.025024
3175	0.10674	0.024979
3175.6	0.10653	0.024935
3176.2	0.10632	0.02489
3176.9	0.10611	0.024846
3177.5	0.1059	0.024801
3178.1	0.10569	0.024757
3178.8	0.10547	0.02471
3179.4	0.10526	0.024665
3180	0.10505	0.024621
3180.7	0.10484	0.024576
3181.3	0.10462	0.024529
3181.9	0.10441	0.024485
3182.6	0.10419	0.024438
3183.2	0.10398	0.024393
3183.9	0.10376	0.024346
3184.5	0.10355	0.024302
3185.2	0.10333	0.024255
3185.8	0.10311	0.024208
3186.5	0.10289	0.024161
3187.1	0.10268	0.024116
3187.8	0.10246	0.024069
3188.4	0.10224	0.024022
3189.1	0.10202	0.023975
3189.7	0.1018	0.023928
3190.4	0.10158	0.023881
3191	0.10136	0.023834
3191.7	0.10113	0.023785
3192.4	0.10091	0.023737
3193	0.10069	0.02369
3193.7	0.10047	0.023643
3194.4	0.10024	0.023594
3195	0.10002	0.023547
3195.7	0.0998	0.0235
3196.4	0.09957	0.02345
3197	0.09935	0.023403
3197.7	0.09912	0.023353
3198.4	0.09889	0.023304
3199.1	0.09867	0.023257
3199.7	0.09844	0.023207
3200.4	0.09821	0.023158
3201.1	0.09798	0.023108
3201.8	0.09776	0.023061
3202.5	0.09753	0.023011
3203.1	0.0973	0.022961
3203.8	0.09707	0.022912
3204.5	0.09684	0.022862
3205.2	0.09661	0.022813
3205.9	0.09638	0.022763
3206.6	0.09615	0.022713
3207.3	0.09592	0.022663
3207.9	0.09569	0.022614
3208.6	0.09546	0.022564
3209.3	0.09523	0.022514
3210	0.095	0.022464
3210.7	0.09477	0.022414
3211.3	0.09455	0.022367
3212	0.09432	0.022317
3212.7	0.0941	0.022269
3213.3	0.09388	0.022221
3214	0.09366	0.022173
3214.6	0.09344	0.022125
3215.3	0.09322	0.022078
3215.9	0.09301	0.022032
3216.5	0.0928	0.021986
3217.2	0.09259	0.02194
3217.8	0.09239	0.021897
3218.4	0.09218	0.021851
3219	0.09198	0.021808
3219.5	0.09179	0.021766
3220.1	0.09159	0.021722
3220.7	0.0914	0.021681
3221.2	0.09122	0.021642
3221.8	0.09103	0.0216
3222.3	0.09085	0.021561
3222.9	0.09067	0.021522
3223.4	0.0905	0.021485
3223.9	0.09032	0.021445
3224.4	0.09015	0.021408
3224.9	0.08998	0.021371
3225.4	0.08982	0.021336
3225.9	0.08965	0.021298
3226.4	0.08949	0.021263
3226.8	0.08933	0.021228
3227.3	0.08917	0.021193
3227.8	0.08901	0.021158
3228.3	0.08885	0.021123
3228.7	0.0887	0.02109
3229.2	0.08854	0.021055
3229.6	0.08839	0.021022
3230.1	0.08824	0.020989
3230.5	0.08808	0.020954
3231	0.08793	0.020921
3231.4	0.08778	0.020888
3231.9	0.08763	0.020855
3232.3	0.08747	0.02082
3232.8	0.08732	0.020787
3233.2	0.08717	0.020754
3233.7	0.08701	0.020719
3234.2	0.08685	0.020683
3234.6	0.08669	0.020648
3235.1	0.08653	0.020613
3235.6	0.08637	0.020578
3236.1	0.08621	0.020543
3236.6	0.08604	0.020505
3237.1	0.08587	0.020468
3237.6	0.08569	0.020428
3238.1	0.08552	0.02039
3238.7	0.08534	0.020351
3239.2	0.08515	0.020308
3239.7	0.08497	0.020269
3240.3	0.08478	0.020227
3240.9	0.08459	0.020185
3241.4	0.0844	0.020143
3242	0.08421	0.020101
3242.6	0.08401	0.020056
3243.2	0.08382	0.020014
3243.7	0.08362	0.01997
3244.3	0.08342	0.019926
3244.9	0.08322	0.019881
3245.5	0.08302	0.019837
3246.1	0.08282	0.019793
3246.7	0.08262	0.019748
3247.3	0.08243	0.019706
3247.8	0.08223	0.019662
3248.4	0.08203	0.019617
3249	0.08183	0.019572
3249.6	0.08164	0.01953
3250.1	0.08144	0.019486
3250.7	0.08125	0.019443
3251.3	0.08106	0.019401
3251.8	0.08087	0.019359
3252.4	0.08068	0.019316
3252.9	0.08049	0.019274
3253.5	0.0803	0.019232
3254	0.08011	0.019189
3254.6	0.07993	0.019149
3255.1	0.07974	0.019107
3255.6	0.07956	0.019066
3256.2	0.07937	0.019024
3256.7	0.07919	0.018984
3257.2	0.07901	0.018943
3257.8	0.07883	0.018903
3258.3	0.07865	0.018863
3258.8	0.07847	0.018823
3259.3	0.07829	0.018782
3259.9	0.07811	0.018742
3260.4	0.07793	0.018702
3260.9	0.07775	0.018661
3261.4	0.07758	0.018623
3261.9	0.0774	0.018583
3262.4	0.07722	0.018542
3262.9	0.07705	0.018504
3263.4	0.07687	0.018464
3263.9	0.0767	0.018426
3264.5	0.07653	0.018387
3265	0.07635	0.018347
3265.5	0.07618	0.018309
3266	0.076	0.018268
3266.5	0.07583	0.01823
3267	0.07566	0.018192
3267.5	0.07549	0.018153
3268	0.07531	0.018113
3268.5	0.07514	0.018074
3269	0.07497	0.018036
3269.5	0.0748	0.017998
3270	0.07463	0.01796
3270.5	0.07446	0.017921
3270.9	0.07429	0.017883
3271.4	0.07412	0.017844
3271.9	0.07395	0.017806
3272.4	0.07378	0.017768
3272.9	0.07361	0.017729
3273.4	0.07344	0.017691
3273.9	0.07327	0.017652
3274.4	0.0731	0.017614
3274.9	0.07293	0.017576
3275.4	0.07276	0.017537
3275.9	0.07259	0.017499
3276.4	0.07242	0.01746
3276.9	0.07226	0.017424
3277.3	0.07209	0.017385
3277.8	0.07192	0.017347
3278.3	0.07175	0.017308
3278.8	0.07158	0.01727
3279.3	0.07141	0.017231
3279.8	0.07125	0.017195
3280.3	0.07108	0.017156
3280.8	0.07091	0.017118
3281.2	0.07074	0.017079
3281.7	0.07058	0.017043
3282.2	0.07041	0.017004
3282.7	0.07024	0.016966
3283.2	0.07008	0.016929
3283.7	0.06991	0.016891
3284.1	0.06974	0.016852
3284.6	0.06958	0.016816
3285.1	0.06941	0.016777
3285.6	0.06925	0.01674
3286.1	0.06908	0.016702
3286.6	0.06892	0.016665
3287	0.06875	0.016626
3287.5	0.06859	0.01659
3288	0.06842	0.016551
3288.5	0.06826	0.016515
3289	0.06809	0.016476
3289.4	0.06793	0.016439
3289.9	0.06776	0.016401
3290.4	0.0676	0.016364
3290.9	0.06744	0.016328
3291.3	0.06727	0.016289
3291.8	0.06711	0.016252
3292.3	0.06695	0.016216
3292.8	0.06678	0.016177
3293.2	0.06662	0.01614
3293.7	0.06646	0.016104
3294.2	0.0663	0.016067
3294.6	0.06614	0.01603
3295.1	0.06597	0.015991
3295.6	0.06581	0.015955
3296.1	0.06565	0.015918
3296.5	0.06549	0.015881
3297	0.06532	0.015842
3297.5	0.06516	0.015806
3297.9	0.065	0.015769
3298.4	0.06484	0.015732
3298.9	0.06468	0.015696
3299.4	0.06451	0.015657
3299.8	0.06435	0.01562
3300.3	0.06419	0.015583
3300.8	0.06402	0.015544
3301.3	0.06386	0.015507
3301.7	0.06369	0.015468
3302.2	0.06353	0.015431
3302.7	0.06336	0.015392
3303.2	0.0632	0.015355
3303.7	0.06303	0.015316
3304.1	0.06287	0.015279
3304.6	0.0627	0.01524
3305.1	0.06253	0.015201
3305.6	0.06236	0.015162
3306.1	0.06219	0.015123
3306.6	0.06202	0.015083
3307.1	0.06185	0.015044
3307.6	0.06168	0.015005
3308.1	0.06151	0.014966
3308.6	0.06133	0.014924
3309.1	0.06116	0.014885
3309.6	0.06099	0.014846
3310.1	0.06081	0.014804
3310.6	0.06064	0.014765
3311.1	0.06046	0.014723
3311.6	0.06029	0.014684
3312.1	0.06011	0.014642
3312.6	0.05993	0.014601
3313.2	0.05976	0.014561
3313.7	0.05959	0.014522
3314.2	0.05941	0.01448
3314.7	0.05924	0.014441
3315.2	0.05907	0.014401
3315.7	0.0589	0.014362
3316.1	0.05873	0.014322
3316.6	0.05856	0.014283
3317.1	0.0584	0.014246
3317.6	0.05823	0.014206
3318	0.05807	0.014169
3318.5	0.05791	0.014132
3318.9	0.05776	0.014097
3319.4	0.0576	0.01406
3319.8	0.05745	0.014025
3320.2	0.05731	0.013993
3320.7	0.05716	0.013958
3321.1	0.05702	0.013925
3321.5	0.05688	0.013892
3321.9	0.05675	0.013862
3322.2	0.05662	0.013832
3322.6	0.05649	0.013802
3323	0.05636	0.013771
3323.3	0.05624	0.013743
3323.7	0.05612	0.013715
3324	0.056	0.013687
3324.4	0.05588	0.013659
3324.7	0.05577	0.013634
3325	0.05566	0.013608
3325.3	0.05555	0.013583
3325.6	0.05545	0.013559
3325.9	0.05534	0.013534
3326.2	0.05524	0.01351
3326.5	0.05513	0.013485
3326.8	0.05503	0.013461
3327.1	0.05493	0.013438
3327.4	0.05483	0.013414
3327.7	0.05473	0.013391
3328	0.05463	0.013368
3328.3	0.05454	0.013347
3328.5	0.05444	0.013323
3328.8	0.05434	0.0133
3329.1	0.05424	0.013277
3329.4	0.05414	0.013253
3329.7	0.05404	0.01323
3330	0.05394	0.013206
3330.3	0.05384	0.013183
3330.6	0.05374	0.01316
3330.9	0.05363	0.013134
3331.2	0.05353	0.01311
3331.5	0.05342	0.013085
3331.8	0.05331	0.013059
3332.1	0.0532	0.013033
3332.4	0.05309	0.013007
3332.7	0.05298	0.012982
3333.1	0.05287	0.012956
3333.4	0.05275	0.012928
3333.7	0.05264	0.012902
3334.1	0.05252	0.012874
3334.4	0.0524	0.012846
3334.8	0.05228	0.012817
3335.1	0.05216	0.012789
3335.4	0.05204	0.012761
3335.8	0.05192	0.012733
3336.1	0.0518	0.012705
3336.5	0.05168	0.012677
3336.8	0.05156	0.012648
3337.2	0.05144	0.01262
3337.5	0.05132	0.012592
3337.9	0.0512	0.012564
3338.2	0.05108	0.012536
3338.6	0.05096	0.012507
3338.9	0.05084	0.012479
3339.3	0.05072	0.012451
3339.6	0.05061	0.012425
3339.9	0.05049	0.012397
3340.3	0.05037	0.012369
3340.6	0.05026	0.012343
3340.9	0.05014	0.012314
3341.3	0.05003	0.012288
3341.6	0.04992	0.012263
3341.9	0.0498	0.012234
3342.2	0.04969	0.012208
3342.5	0.04958	0.012182
3342.9	0.04947	0.012156
3343.2	0.04936	0.012131
3343.5	0.04925	0.012105
3343.8	0.04915	0.012081
3344.1	0.04904	0.012055
3344.4	0.04894	0.012031
3344.7	0.04883	0.012005
3345	0.04873	0.011982
3345.3	0.04862	0.011956
3345.6	0.04852	0.011932
3345.9	0.04842	0.011909
3346.2	0.04832	0.011885
3346.5	0.04822	0.011861
3346.7	0.04812	0.011838
3347	0.04801	0.011812
3347.3	0.04791	0.011788
3347.6	0.04782	0.011767
3347.9	0.04772	0.011743
3348.2	0.04762	0.01172
3348.5	0.04752	0.011696
3348.7	0.04742	0.011672
3349	0.04732	0.011649
3349.3	0.04722	0.011625
3349.6	0.04712	0.011601
3349.9	0.04701	0.011575
3350.2	0.04691	0.011551
3350.5	0.04681	0.011528
3350.8	0.0467	0.011502
3351.1	0.0466	0.011478
3351.4	0.04649	0.011452
3351.7	0.04638	0.011426
3352	0.04628	0.011402
3352.3	0.04616	0.011374
3352.6	0.04605	0.011347
3352.9	0.04594	0.011321
3353.3	0.04582	0.011293
3353.6	0.04571	0.011267
3353.9	0.04559	0.011238
3354.3	0.04547	0.01121
3354.6	0.04535	0.011181
3354.9	0.04524	0.011155
3355.3	0.04512	0.011127
3355.6	0.04501	0.0111
3355.9	0.04489	0.011072
3356.2	0.04478	0.011046
3356.6	0.04467	0.01102
3356.9	0.04456	0.010994
3357.2	0.04445	0.010967
3357.5	0.04434	0.010941
3357.8	0.04423	0.010915
3358.1	0.04412	0.010889
3358.5	0.04401	0.010863
3358.8	0.0439	0.010836
3359.1	0.04379	0.01081
3359.4	0.04368	0.010784
3359.7	0.04356	0.010755
3360.1	0.04345	0.010729
3360.4	0.04333	0.010701
3360.7	0.04322	0.010674
3361	0.0431	0.010646
3361.4	0.04299	0.01062
3361.7	0.04288	0.010593
3362	0.04277	0.010567
3362.3	0.04266	0.010541
3362.6	0.04256	0.010517
3362.9	0.04245	0.010491
3363.2	0.04235	0.010467
3363.5	0.04224	0.010441
3363.8	0.04215	0.010419
3364.1	0.04205	0.010395
3364.3	0.04195	0.010371
3364.6	0.04186	0.01035
3364.9	0.04176	0.010326
3365.1	0.04167	0.010304
3365.4	0.04158	0.010283
3365.6	0.04149	0.010261
3365.9	0.04141	0.010242
3366.1	0.04132	0.010221
3366.4	0.04124	0.010202
3366.6	0.04116	0.010183
3366.8	0.04108	0.010163
3367	0.041	0.010144
3367.3	0.04092	0.010125
3367.5	0.04084	0.010106
3367.7	0.04077	0.010089
3367.9	0.04069	0.01007
3368.1	0.04062	0.010053
3368.3	0.04055	0.010037
3368.5	0.04048	0.01002
3368.7	0.04041	0.010003
3368.9	0.04034	0.0099862
3369.1	0.04027	0.0099694
3369.3	0.0402	0.0099527
3369.5	0.04014	0.0099383
3369.7	0.04007	0.0099215
3369.8	0.04001	0.0099072
3370	0.03994	0.0098903
3370.2	0.03988	0.009876
3370.4	0.03982	0.0098616
3370.6	0.03976	0.0098472
3370.7	0.03969	0.0098304
3370.9	0.03963	0.009816
3371.1	0.03957	0.0098016
3371.2	0.03951	0.0097872
3371.4	0.03946	0.0097753
3371.6	0.0394	0.0097609
3371.7	0.03934	0.0097465
3371.9	0.03928	0.009732
3372.1	0.03923	0.0097201
3372.2	0.03917	0.0097057
3372.4	0.03911	0.0096912
3372.5	0.03906	0.0096793
3372.7	0.039	0.0096648
3372.9	0.03895	0.0096529
3373	0.03889	0.0096384
3373.2	0.03884	0.0096265
3373.3	0.03878	0.009612
3373.5	0.03873	0.0096
3373.6	0.03867	0.0095856
3373.8	0.03862	0.0095736
3373.9	0.03857	0.0095616
3374.1	0.03851	0.0095471
3374.2	0.03846	0.0095351
3374.4	0.03841	0.0095231
3374.5	0.03836	0.0095111
3374.7	0.0383	0.0094967
3374.8	0.03825	0.0094847
3375	0.0382	0.0094727
3375.1	0.03815	0.0094607
3375.3	0.03809	0.0094462
3375.4	0.03804	0.0094342
3375.6	0.03799	0.0094222
3375.7	0.03794	0.0094101
3375.9	0.03789	0.0093981
3376	0.03784	0.0093861
3376.2	0.03778	0.0093716
3376.3	0.03773	0.0093596
3376.5	0.03768	0.0093476
3376.6	0.03763	0.0093356
3376.7	0.03758	0.0093235
3376.9	0.03752	0.009309
3377	0.03747	0.009297
3377.2	0.03742	0.009285
3377.3	0.03737	0.009273
3377.5	0.03732	0.009261
3377.6	0.03726	0.0092465
3377.8	0.03721	0.0092344
3377.9	0.03716	0.0092224
3378.1	0.03711	0.0092104
3378.2	0.03705	0.0091959
3378.4	0.037	0.0091839
3378.5	0.03695	0.0091718
3378.7	0.03689	0.0091573
3378.8	0.03684	0.0091453
3379	0.03679	0.0091333
3379.1	0.03673	0.0091188
3379.3	0.03668	0.0091068
3379.4	0.03662	0.0090923
3379.6	0.03657	0.0090803
3379.8	0.03651	0.0090658
3379.9	0.03646	0.0090537
3380.1	0.0364	0.0090392
3380.2	0.03635	0.0090272
3380.4	0.03629	0.0090127
3380.6	0.03623	0.0089982
3380.7	0.03618	0.0089862
3380.9	0.03612	0.0089717
3381	0.03606	0.0089572
3381.2	0.03601	0.0089452
3381.4	0.03595	0.0089307
3381.5	0.03589	0.0089162
3381.7	0.03583	0.0089017
3381.9	0.03577	0.0088873
3382	0.03571	0.0088728
3382.2	0.03565	0.0088583
3382.4	0.03559	0.0088438
3382.6	0.03553	0.0088293
3382.7	0.03547	0.0088149
3382.9	0.0354	0.0087979
3383.1	0.03534	0.0087834
3383.3	0.03528	0.008769
3383.4	0.03521	0.008752
3383.6	0.03515	0.0087375
3383.8	0.03508	0.0087206
3384	0.03502	0.0087061
3384.2	0.03495	0.0086892
3384.4	0.03488	0.0086722
3384.6	0.03482	0.0086578
3384.7	0.03475	0.0086408
3384.9	0.03468	0.0086239
3385.1	0.03461	0.0086069
3385.3	0.03454	0.00859
3385.5	0.03447	0.0085731
3385.7	0.0344	0.0085561
3385.9	0.03433	0.0085392
3386.1	0.03426	0.0085223
3386.3	0.03419	0.0085053
3386.5	0.03412	0.0084884
3386.7	0.03405	0.0084715
3386.9	0.03397	0.0084521
3387.1	0.0339	0.0084351
3387.3	0.03383	0.0084182
3387.6	0.03375	0.0083988
3387.8	0.03368	0.0083818
3388	0.03361	0.0083649
3388.2	0.03353	0.0083455
3388.4	0.03346	0.0083285
3388.6	0.03338	0.0083091
3388.8	0.03331	0.0082922
3389	0.03323	0.0082727
3389.2	0.03316	0.0082558
3389.4	0.03309	0.0082389
3389.6	0.03301	0.0082194
3389.8	0.03294	0.0082025
3390	0.03286	0.008183
3390.3	0.03279	0.0081661
3390.5	0.03272	0.0081491
3390.7	0.03265	0.0081321
3390.9	0.03257	0.0081127
3391.1	0.0325	0.0080957
3391.3	0.03243	0.0080787
3391.5	0.03236	0.0080617
3391.7	0.03229	0.0080447
3391.9	0.03222	0.0080277
3392.1	0.03214	0.0080082
3392.3	0.03207	0.0079912
3392.5	0.03201	0.0079767
3392.7	0.03194	0.0079597
3392.8	0.03187	0.0079427
3393	0.0318	0.0079257
3393.2	0.03173	0.0079087
3393.4	0.03166	0.0078916
3393.6	0.0316	0.0078771
3393.8	0.03153	0.0078601
3394	0.03146	0.007843
3394.2	0.0314	0.0078285
3394.4	0.03133	0.0078114
3394.5	0.03127	0.0077968
3394.7	0.0312	0.0077798
3394.9	0.03114	0.0077652
3395.1	0.03107	0.0077482
3395.3	0.03101	0.0077336
3395.4	0.03095	0.007719
3395.6	0.03088	0.0077019
3395.8	0.03082	0.0076873
3396	0.03076	0.0076727
3396.1	0.0307	0.0076581
3396.3	0.03064	0.0076435
3396.5	0.03057	0.0076264
3396.6	0.03051	0.0076118
3396.8	0.03045	0.0075972
3397	0.03039	0.0075826
3397.2	0.03033	0.007568
3397.3	0.03027	0.0075534
3397.5	0.03021	0.0075388
3397.7	0.03015	0.0075241
3397.8	0.0301	0.007512
3398	0.03004	0.0074974
3398.1	0.02998	0.0074828
3398.3	0.02992	0.0074681
3398.5	0.02986	0.0074535
3398.6	0.0298	0.0074388
3398.8	0.02975	0.0074267
3399	0.02969	0.0074121
3399.1	0.02963	0.0073974
3399.3	0.02958	0.0073852
3399.4	0.02952	0.0073706
3399.6	0.02946	0.0073559
3399.8	0.02941	0.0073438
3399.9	0.02935	0.0073291
3400.1	0.02929	0.0073145
3400.2	0.02924	0.0073023
3400.4	0.02918	0.0072876
3400.5	0.02912	0.007273
3400.7	0.02907	0.0072608
3400.8	0.02901	0.0072461
3401	0.02896	0.0072339
3401.2	0.0289	0.0072193
3401.3	0.02885	0.0072071
3401.5	0.02879	0.0071924
3401.6	0.02874	0.0071802
3401.8	0.02868	0.0071656
3401.9	0.02863	0.0071534
3402.1	0.02857	0.0071387
3402.2	0.02852	0.0071265
3402.4	0.02846	0.0071118
3402.5	0.02841	0.0070996
3402.7	0.02835	0.0070849
3402.9	0.0283	0.0070727
3403	0.02824	0.007058
3403.2	0.02819	0.0070458
3403.3	0.02813	0.0070312
3403.5	0.02808	0.007019
3403.6	0.02802	0.0070043
3403.8	0.02797	0.0069921
3403.9	0.02791	0.0069774
