#depth	thinning	uncertainty (%)
depth	thinning	rel_unc	comment
0.0	1.0	0.0125
7.7688	0.99911	0.013041607030256927
19.492	0.99734	0.013859867246876692
30.136	0.99543	0.01460273449664969
40.195	0.9934	0.015304006442520637
49.131	0.99137	0.015927453927393403
58.188	0.98935	0.016559357153686765
66.613	0.98733	0.017147255730100373
74.908	0.9853	0.01772658073683142
82.825	0.98327	0.018278804397571367
90.618	0.98125	0.018822929936305733
98.584	0.97912	0.01937862570471444
106.72	0.9769	0.019945746749923225
114.89	0.97467	0.020515661711143256
122.77	0.97245	0.02106535040361972
130.59	0.97026	0.02161173293756313
138.5	0.96812	0.022163574763459076
145.82	0.96595	0.022674051451938508
153.55	0.96376	0.023213248111563046
161.48	0.9616	0.023766638935108154
169.24	0.95945	0.02430767627286466
176.82	0.9573	0.0248375639820328
184.62	0.95515	0.02538135371407632
192.48	0.95296	0.025929734721289455
200.34	0.95071	0.026478105836690472
208.3	0.94847	0.02703301105991755
216.13	0.94626	0.02757910088136453
224.02	0.94405	0.028129866002860018
231.71	0.94186	0.028666680823052258
240.13	0.93961	0.02925362650461362
248.3	0.9373	0.029823962445321667
256.36	0.93497	0.030386001689893794
264.64	0.93263	0.03096404790753032
272.88	0.93032	0.03153861037062516
281.27	0.92804	0.03212469290116805
289.23	0.9258	0.032679844458846405
296.99	0.92359	0.03322145107677649
305.04	0.92133	0.03378268372895705
313.19	0.91901	0.034352183327711346
321.67	0.91669	0.03494311053900446
329.84	0.91438	0.03551368140160546
338.02	0.91208	0.03608345759143935
346.12	0.90981	0.03664831118585199
353.88	0.90752	0.0371903649506347
362.33	0.90522	0.037779766244669805
370.46	0.90297	0.038346788929864775
378.33	0.90077	0.03889561153235565
386.21	0.89854	0.03944621274511986
394.39	0.89625	0.04001673640167364
402.31	0.894	0.04056935123042506
410.35	0.89179	0.04113075948373496
417.87	0.88965	0.04165458326308098
425.18	0.88761	0.04216491477112696
432.83	0.88549	0.04269952229838846
440.93	0.88327	0.043264234039421694
448.56	0.88107	0.043796747137003864
456.05	0.87892	0.04431916442907204
464.22	0.87673	0.04488839209334687
471.89	0.87449	0.04542419009937221
479.89	0.87229	0.04598241410540073
487.3	0.87015	0.04650002873067862
495.09	0.86797	0.04704310056799198
503.07	0.86572	0.04759968581065471
510.9	0.8635	0.04814591777649102
518.5	0.86134	0.0486764808321917
526.13	0.85918	0.04920854768500197
533.84	0.85701	0.0497462106626527
542.11	0.85479	0.050323471261947375
550.38	0.85249	0.05090030381588054
558.41	0.85021	0.05146140365321509
566.52	0.84795	0.05202665251488885
574.35	0.84571	0.05257239479254118
582.41	0.84349	0.05313518832469857
590.23	0.84127	0.053680744588538755
598.22	0.83906	0.054238075942125714
605.57	0.83686	0.05475109337284611
613.6	0.83468	0.05531221545981694
621.2	0.8325	0.055841441441441445
629.11	0.83032	0.05639392041622507
637.1	0.82814	0.0569505156133021
644.81	0.82596	0.05748946680226645
652.4	0.8238	0.05801772274823986
659.93	0.82165	0.0585443923811842
667.34	0.81955	0.059060460008541274
674.63	0.81751	0.05956991351787746
681.94	0.81548	0.06007995291116889
689.23	0.81345	0.060588849960046716
696.32	0.81144	0.06108276643990929
703.37	0.80943	0.06157542962331518
710.56	0.80741	0.0620762685624404
717.87	0.80536	0.06258691765173338
725.09	0.80335	0.06308956245721042
732.17	0.80139	0.06358452189321054
739.2	0.79942	0.06407520452327937
746.17	0.79741	0.06456151791424738
753.65	0.79539	0.06508253812595079
760.56	0.79336	0.06556418271654735
767.77	0.79133	0.06606851755904616
774.95	0.7893	0.06656911187127834
782.46	0.78725	0.06709304541124166
790.11	0.78515	0.06762656817168694
797.08	0.7831	0.0681126292938322
804.16	0.78112	0.06860661614092585
811.37	0.77913	0.06910913454750811
818.51	0.7771	0.06960751512031914
825.72	0.77507	0.07011108674055247
832.89	0.77305	0.07061121531595628
840.19	0.77102	0.0711200747062333
847.58	0.76895	0.07163664737629234
854.87	0.7669	0.07214499934802451
862.17	0.76485	0.07265346146303196
869.44	0.76283	0.07316177916442719
876.32	0.76084	0.07364097576362968
883.31	0.75885	0.07412927456018975
890.24	0.75685	0.07461319944506838
897.65	0.75485	0.07513015830959793
904.93	0.75283	0.07563859038561163
912.15	0.75084	0.0761413883117575
919.3	0.74888	0.07663978207456469
925.87	0.74693	0.07709959433949634
932.92	0.74498	0.07759000241617225
939.77	0.74304	0.07806847545219638
946.67	0.74112	0.07855003238341969
953.36	0.73921	0.07901678819280042
960.26	0.73732	0.07949736884934629
966.7	0.73542	0.07994751298577683
973.78	0.73349	0.08044145114452822
980.66	0.73158	0.0809207468766232
987.65	0.72968	0.08140965902861529
993.99	0.7278	0.08185078318219291
1000.6	0.72596	0.08231583007328226
1007.0	0.72411	0.08275952548645923
1013.9	0.72224	0.08323964333185645
1020.6	0.72039	0.0837116006607532
1027.0	0.71859	0.08415229825074104
1033.2	0.71679	0.08458404832656706
1039.6	0.71499	0.08503475573084938
1045.8	0.7132	0.08546831183398768
1052.4	0.7114	0.08592493674444757
1058.8	0.70962	0.08637439756489389
1065.1	0.70784	0.086813404159132
1071.3	0.70606	0.08724754270175339
1077.8	0.70428	0.0876966547395922
1084.0	0.70253	0.08813004426857216
1090.2	0.70081	0.08856323397211797
1096.3	0.69908	0.08898695428277163
1102.5	0.69733	0.08941964349733986
1108.7	0.69558	0.0898559475545588
1115.1	0.69383	0.0903002176325613
1121.2	0.69207	0.09072637160980826
1127.5	0.69027	0.09116432700247729
1134.0	0.68849	0.09162079333033159
1140.2	0.68671	0.09205050166737051
1146.5	0.68495	0.09249434265274838
1152.6	0.68323	0.092914538296035
1158.8	0.68151	0.09334859356429105
1165.1	0.67978	0.09378769601930037
1171.2	0.67805	0.09421576579898236
1177.4	0.67632	0.09464454696001892
1183.3	0.67459	0.09506070353844558
1189.6	0.67285	0.09549825369696069
1195.6	0.67112	0.0959202527118846
1201.9	0.66943	0.09635660188518591
1207.7	0.66776	0.09676081226788068
1213.5	0.66612	0.09716567585420044
1219.5	0.66446	0.09758450471059205
1225.5	0.66276	0.09800229343955578
1231.4	0.66107	0.09841771673196482
1237.3	0.6594	0.09882772217167123
1243.1	0.65776	0.09923224276331792
1248.7	0.65618	0.09962053095187295
1254.5	0.65461	0.10002749728846182
1260.2	0.65304	0.1004287639348279
1265.5	0.65148	0.10079511266654388
1271.0	0.64994	0.1011801089331323
1276.7	0.6484	0.10157464528069093
1281.9	0.64689	0.10194159748952683
1287.2	0.64539	0.10231023102310231
1292.4	0.64393	0.10267575668162687
1297.8	0.64245	0.10304770799283991
1303.0	0.64095	0.10341212263047038
1308.4	0.63946	0.10378600694335845
1313.8	0.63798	0.10416627480485283
1318.8	0.63651	0.10451681827465398
1324.0	0.63506	0.10487512990898498
1329.3	0.6336	0.10524305555555556
1334.7	0.6321	0.10562094605283974
1340.1	0.63061	0.10599895339433248
1345.2	0.62915	0.10635778431216722
1350.3	0.6277	0.10671180500238968
1355.5	0.62626	0.10707214256059783
1360.7	0.62481	0.10743426001504458
1365.9	0.62333	0.107800041711453
1371.2	0.62184	0.10816769587032035
1376.4	0.62035	0.10853389215765294
1381.8	0.61886	0.1089083152894031
1387.0	0.61739	0.10927452663632388
1392.3	0.61592	0.1096408624496688
1397.5	0.61446	0.11000716075904046
1402.7	0.613	0.11036867862969003
1407.8	0.61156	0.11072012558048269
1412.8	0.61013	0.11107468900070477
1417.9	0.6087	0.11142763265976671
1423.0	0.60729	0.11178020385647713
1427.9	0.60589	0.11212926438792518
1433.0	0.6045	0.11247808105872621
1437.6	0.60313	0.11280652595626149
1442.6	0.60175	0.11315330286663897
1447.7	0.60033	0.1135042393350324
1452.7	0.59893	0.11385804685021624
1457.7	0.59756	0.11420108440993373
1462.3	0.59622	0.11452483982422595
1467.0	0.59493	0.11485216748188863
1471.6	0.59364	0.11517249511488445
1476.0	0.59236	0.11548045107704773
1480.6	0.59109	0.11580131621242111
1484.9	0.58986	0.11610212592818635
1489.4	0.58863	0.11641608480709445
1493.8	0.5874	0.11672625127681308
1498.2	0.58618	0.11702889897301169
1502.4	0.58499	0.1173216636181815
1506.6	0.5838	0.11761733470366564
1510.8	0.58258	0.11790998661128087
1515.2	0.58137	0.1182155941999071
1519.5	0.58014	0.11851794394456511
1524.0	0.57892	0.11883161749464519
1528.4	0.57768	0.11914035452153442
1532.8	0.57646	0.11944107136661694
1537.0	0.57527	0.11973855754689103
1541.2	0.57408	0.12003030936454848
1545.5	0.57287	0.120329219543701
1549.8	0.57167	0.12062903423303653
1554.1	0.57047	0.12093011025996109
1558.3	0.56929	0.12122117022958423
1562.3	0.56812	0.12150601985496022
1566.6	0.56696	0.12180047975165798
1570.8	0.56577	0.12209378369302014
1575.1	0.5646	0.12239461565710237
1579.1	0.56343	0.1226771737394175
1583.4	0.56227	0.12297828445408789
1587.7	0.56109	0.12327255876953788
1591.7	0.55991	0.12355199942847958
1596.0	0.5587	0.12385537855736531
1600.3	0.55751	0.12415382683718679
1604.6	0.55634	0.12445267282596974
1608.7	0.55517	0.12473836842768879
1612.8	0.55401	0.1250284290897276
1616.9	0.55286	0.12531020511521904
1621.1	0.55172	0.1256035670267527
1625.0	0.55059	0.12587951106994313
1628.8	0.54948	0.12614471864308074
1632.9	0.54837	0.12642741214873168
1636.8	0.54727	0.12670162808120305
1640.6	0.54618	0.12696730015745725
1644.3	0.54511	0.12722569756562896
1648.3	0.54403	0.12750399794129
1652.3	0.54293	0.12778258707384008
1656.2	0.54183	0.12805307937914104
1659.9	0.54075	0.12831437817845587
1663.7	0.53968	0.12858175214942186
1667.7	0.53859	0.12885868657048963
1671.6	0.53751	0.12913062082565904
1675.5	0.53643	0.12939992170460266
1679.2	0.53537	0.12965986140426247
1683.1	0.53431	0.12993019033894182
1686.6	0.53326	0.13017477403142935
1690.4	0.53223	0.13044360520827464
1694.2	0.5312	0.13070406626506026
1697.7	0.53017	0.13095044985570667
1701.3	0.52915	0.13119909288481527
1704.9	0.52812	0.1314511853366659
1708.5	0.52711	0.13170306008233576
1712.0	0.52614	0.1319496711901775
1715.5	0.52517	0.13218957670849438
1718.9	0.52422	0.13243104040288428
1722.3	0.52325	0.13266889632107023
1725.9	0.52225	0.1329191000478698
1729.6	0.52125	0.13317218225419666
1733.1	0.52027	0.13341918619178503
1736.4	0.51929	0.1336517167671243
1740.1	0.51828	0.13390445319132516
1743.7	0.51727	0.13415817658089585
1747.3	0.51623	0.13441295546558707
1751.0	0.5152	0.1346680900621118
1754.7	0.51419	0.13493066765203524
1758.3	0.51318	0.13517674110448577
1761.9	0.51216	0.13542838175570138
1765.5	0.51115	0.13567837229775995
1769.0	0.51017	0.13592527980869124
1772.4	0.50917	0.13616277471178584
1776.1	0.50815	0.13641641247663094
1779.9	0.50714	0.1366841503332413
1783.1	0.50618	0.13690781935279941
1786.6	0.50522	0.13715411108032144
1790.0	0.50425	0.13738621715418942
1793.5	0.50328	0.1376311397234144
1797.1	0.5023	0.1378837348198288
1800.5	0.50133	0.13811860451199806
1803.8	0.5004	0.1383553157474021
1807.2	0.49945	0.13859044949444388
1810.9	0.49847	0.1388448652877806
1814.0	0.49749	0.13906812197230095
1817.4	0.49654	0.13930196962983848
1821.0	0.49559	0.13954882059767146
1824.3	0.49464	0.1397824680575772
1827.6	0.4937	0.14001620417257443
1831.0	0.49275	0.14025164890918315
1834.4	0.49181	0.1404892133140847
1837.8	0.49087	0.14072768757512175
1841.1	0.48992	0.14095770738079685
1844.7	0.48896	0.14120582460732983
1848.0	0.48801	0.1414356263191328
1851.2	0.48707	0.1416593097501386
1854.7	0.48612	0.14190323376943964
1858.0	0.48516	0.1421366147250392
1861.5	0.48421	0.14237624171330623
1864.8	0.48326	0.14261060298803954
1868.3	0.48232	0.1428491457953226
1871.4	0.48142	0.14307257695982717
1874.7	0.48051	0.1432998272668623
1878.2	0.47953	0.14354263549725774
1881.7	0.47855	0.1437864381987253
1885.2	0.47758	0.1440303195276184
1888.6	0.47661	0.14426889909989302
1892.1	0.47562	0.14451452840502924
1895.6	0.47463	0.14475696858605652
1898.9	0.47365	0.14498891586614587
1902.5	0.47268	0.14524202420242024
1906.1	0.47169	0.14549174245797025
1909.5	0.47071	0.14572879267489539
1913.2	0.46972	0.1459869709614238
1916.6	0.46873	0.14622490559597212
1920.3	0.46771	0.14647965619721623
1923.9	0.46669	0.14672909211682272
1927.6	0.46564	0.14699123786616272
1931.3	0.46459	0.1472502636733464
1935.2	0.46352	0.14752114256127027
1938.8	0.46246	0.14777494269774683
1942.7	0.46136	0.14804707820357205
1946.6	0.46027	0.14831729202424662
1950.5	0.45919	0.14858555282127223
1954.4	0.45808	0.14886264407963676
1958.8	0.45687	0.14916715914811654
1962.9	0.45569	0.14945467313305097
1966.8	0.4546	0.14972943246810383
1970.6	0.45352	0.14999338507673313
1974.4	0.45246	0.15025416611413164
1978.1	0.45142	0.1505139338088698
1981.5	0.45044	0.15075259746026107
1985.0	0.44948	0.15099670730622053
1988.3	0.44856	0.15122168717674336
1991.6	0.44764	0.15145876150478063
1994.8	0.44676	0.15168099203151583
1997.8	0.44588	0.15189064322239165
2000.8	0.44505	0.15209751713290642
2003.7	0.44422	0.1523006618342263
2006.7	0.44339	0.1525113331378696
2009.7	0.44255	0.15272172635860354
2012.7	0.4417	0.1529273262395291
2015.8	0.44085	0.15314279233299308
2018.7	0.43994	0.1533504568804837
2021.7	0.43904	0.15355548469387756
2024.8	0.43813	0.15377399402003972
2027.7	0.43722	0.15397054114633366
2030.7	0.43629	0.15418185152077746
2033.7	0.43536	0.15439636163175302
2036.9	0.4344	0.15461556169429097
2040.0	0.43346	0.15483089558436766
2042.9	0.43256	0.15503282781579433
2045.9	0.43165	0.15524151511641376
2049.0	0.4307	0.15545855583933132
2052.1	0.42976	0.15567526061057335
2055.2	0.42884	0.15589030873985635
2058.1	0.42793	0.1560932862851401
2061.0	0.42701	0.15630078920868362
2064.1	0.4261	0.15651255573808964
2067.1	0.42518	0.15672185897737428
2070.1	0.42427	0.15692837108445096
2073.1	0.42332	0.15713880752149673
2076.4	0.42237	0.15736913133035016
2079.5	0.42141	0.15758762250539854
2082.7	0.42044	0.15781324326895632
2086.0	0.41946	0.1580436752014495
2089.2	0.41847	0.15826702033598583
2092.5	0.41747	0.15850001197690852
2095.9	0.41647	0.1587317213724878
2099.3	0.41546	0.1589683724064892
2102.5	0.41445	0.15919411267945469
2105.8	0.41344	0.1594233746130031
2109.3	0.41244	0.1596692852293667
2112.5	0.41148	0.15988869446874696
2115.6	0.41053	0.16010522982486053
2118.6	0.40959	0.16031885544080665
2121.9	0.40864	0.16054473375097886
2125.1	0.40769	0.16076675905712676
2128.1	0.40675	0.16097848801475106
2131.2	0.40583	0.16119557450163863
2134.2	0.40491	0.16140376873873205
2137.3	0.40397	0.16162091244399338
2140.4	0.40304	0.16183753473600634
2143.5	0.40209	0.16205078465020267
2146.6	0.40115	0.16227097095849433
2149.9	0.40018	0.16249937528112351
2153.1	0.39921	0.16272638460960398
2156.3	0.39823	0.16294854732189942
2159.6	0.39726	0.16318028495192063
2162.8	0.3963	0.16340146353772395
2166.0	0.39535	0.16362463639812824
2169.0	0.39445	0.16383572062365317
2172.0	0.39356	0.16404106108344343
2175.1	0.39267	0.16425751903634095
2177.9	0.39179	0.16445034329615354
2180.8	0.39091	0.16465682637947357
2183.6	0.39004	0.1648548866782894
2186.5	0.38918	0.16504959144868697
2189.4	0.38831	0.16525971517601917
2192.2	0.38745	0.1654510259388308
2195.1	0.3866	0.16565700982928092
2197.9	0.38575	0.16584834737524307
2200.7	0.38491	0.1660440102881193
2203.8	0.384	0.1662578125
2206.7	0.38311	0.16646655007700137
2209.6	0.38224	0.16666753871912934
2212.5	0.38137	0.16686944437160764
2215.4	0.38051	0.16706788257864444
2218.3	0.37964	0.16727162575071122
2221.3	0.37875	0.1674798679867987
2224.2	0.37786	0.16768644471497382
2227.2	0.37691	0.1678968454007588
2230.6	0.37597	0.16813043593903768
2233.6	0.37508	0.1683400874480111
2236.5	0.37419	0.16854539137871133
2239.4	0.3733	0.16874631663541384
2242.5	0.37242	0.16895977659631597
2245.5	0.37153	0.169168034882782
2248.4	0.37065	0.16937272359368677
2251.3	0.36976	0.1695775638251839
2254.3	0.36888	0.16978692257644765
2257.1	0.36804	0.1699815237474188
2260.0	0.36721	0.17018055063859916
2262.8	0.36655	0.1703751193561588
2265.7	0.36589	0.17058132225532263
2268.5	0.36527	0.17077778081966766
2271.2	0.36465	0.17096393802276158
2274.0	0.36403	0.17115897041452627
2276.7	0.36341	0.17134366142923968
2279.4	0.3628	0.1715380374862183
2282.1	0.36218	0.17172124358054006
2284.7	0.36157	0.17190585502115774
2287.5	0.36096	0.1720994015957447
2290.2	0.36032	0.17228574600355243
2293.0	0.35969	0.1724818593789096
2295.9	0.35904	0.1726854946524064
2298.6	0.35839	0.17287591729679957
2301.3	0.35779	0.17305961597585176
2303.9	0.35718	0.1732487821266588
2306.5	0.3566	0.17342400448682
2309.1	0.35602	0.17360541542609967
2311.4	0.35551	0.1737672639306911
2313.7	0.35499	0.17393166004676186
2316.2	0.35445	0.1741035406968543
2318.6	0.35391	0.17427029470769406
2321.1	0.35337	0.17444604805161726
2323.4	0.35283	0.1746081682396622
2325.7	0.35235	0.17476372924648786
2327.8	0.35186	0.17491615983629852
2330.2	0.35135	0.17507898107300413
2332.5	0.35084	0.17523942537909018
2334.5	0.3504	0.17537956621004566
2336.6	0.34996	0.17552291690478913
2339.0	0.3494	0.1756926159129937
2341.4	0.34886	0.17586424353608895
2343.7	0.34837	0.17602261962855584
2345.9	0.34789	0.17617350311880195
2347.8	0.34747	0.17630586813250065
2349.8	0.34704	0.1764465191332411
2351.8	0.34661	0.1765875191137013
2353.9	0.34618	0.17673175804494773
2355.8	0.34578	0.1768639019029441
2357.7	0.34538	0.17699635184434534
2359.6	0.34509	0.17713060361065228
2361.2	0.3448	0.17723897911832948
2362.9	0.34452	0.17735980494601183
2364.7	0.34424	0.17748663722983965
2366.5	0.34394	0.1776123742513229
2368.3	0.34364	0.17774124083343035
2370.0	0.34339	0.17785608200588254
2371.6	0.34313	0.1779704485180544
2373.3	0.34288	0.178085627624825
2374.9	0.34263	0.17820097481247993
2376.6	0.34239	0.1783142031017261
2378.2	0.34214	0.17842695972408953
2379.9	0.34186	0.17854677353302523
2381.7	0.34158	0.17867556648515723
2383.5	0.34133	0.17879764450824714
2385.0	0.34108	0.17890231030843204
2386.6	0.34084	0.17901948128153974
2388.1	0.34061	0.17912275035964886
2389.6	0.34039	0.17922383148741147
2391.1	0.34018	0.17933153036627666
2392.8	0.33994	0.1794463728893334
2394.4	0.3397	0.17955843391227555
2396.0	0.33947	0.1796683064777447
2397.5	0.33924	0.1797724324961679
2399.0	0.33904	0.17988142991977346
2400.3	0.33885	0.17997048841670357
2401.6	0.33866	0.18006259965747357
2403.1	0.33848	0.1801672181517372
2404.4	0.33831	0.18025775176613165
2405.8	0.33814	0.1803513337670787
2407.1	0.33798	0.18044558849636072
2408.4	0.33781	0.1805393564429709
2409.8	0.33765	0.18063083074189248
2411.0	0.3375	0.180717037037037
2412.3	0.33735	0.18080628427449238
2413.6	0.3372	0.1808956109134045
2414.9	0.33703	0.18098982286443344
2416.2	0.33687	0.1810817229198207
2417.5	0.3367	0.18116721116721116
2418.8	0.33652	0.18125817187685725
2420.1	0.33621	0.18135094137592575
2421.3	0.3359	0.18143792795474845
2422.6	0.33558	0.18152452470349842
2423.7	0.33526	0.181602338483565
2424.8	0.33494	0.18168030094942378
2426.1	0.33461	0.1817728101371746
2427.5	0.33426	0.18186740860408065
2428.7	0.33391	0.18195022610883174
2429.9	0.33359	0.18203783087022993
2431.1	0.33326	0.18212206685470803
2432.3	0.33292	0.18220593535984622
2433.6	0.33259	0.18229351453741846
2434.8	0.33226	0.18237524829952445
2436.0	0.33193	0.18246316994547043
2437.2	0.33162	0.18254930341957662
2438.3	0.33131	0.18262654311671847
2439.6	0.33098	0.18270892501057465
2440.8	0.33066	0.18279199177402772
2441.8	0.33036	0.18287020220365663
2443.0	0.33007	0.18294604174871998
2444.0	0.32979	0.18301949725582944
2445.1	0.32951	0.18309307760007282
2446.2	0.32923	0.18317589527078332
2447.2	0.32894	0.18324010457834256
2448.2	0.32866	0.18331406316558146
2449.3	0.32837	0.18339068733440936
2450.4	0.32808	0.18346439892709096
2451.4	0.3278	0.18353874313605859
2452.5	0.32751	0.1836157674574822
2453.6	0.32723	0.18368731473275676
2454.6	0.32694	0.18376154646112436
2455.7	0.32665	0.18383897137609062
2456.8	0.32637	0.18391396268039342
2457.8	0.32609	0.18398601613051613
2458.9	0.32581	0.18406126269911913
2459.9	0.32553	0.18413049488526403
2461.0	0.32524	0.1842024351248309
2462.1	0.32495	0.1842806585628558
2463.2	0.32466	0.18435594160044355
2464.2	0.32438	0.18442875639681855
2465.2	0.32408	0.18450074055788696
2466.3	0.32378	0.18457594663042806
2467.3	0.32348	0.18464820081612465
2468.4	0.32318	0.1847205891453679
2469.4	0.32289	0.18479048592399888
2470.4	0.32259	0.18486623887907253
2471.5	0.32229	0.18494213286170838
2472.5	0.32199	0.1850119568930712
2473.6	0.3217	0.18508237488343177
2474.6	0.32141	0.1851529199464858
2475.6	0.32112	0.1852235924265072
2476.6	0.32083	0.18529439266901473
2477.6	0.32053	0.18536486444326586
2478.7	0.32024	0.1854390457157132
2479.7	0.31994	0.1855097830843283
2480.7	0.31964	0.1855837817544738
2481.9	0.31932	0.1856601528247526
2483.0	0.319	0.1857398119122257
2484.0	0.31869	0.18581066239919672
2485.1	0.31839	0.1858883758912026
2486.1	0.31809	0.1859599484422648
2487.2	0.3178	0.1860320956576463
2488.3	0.31749	0.18610664902831586
2489.3	0.31718	0.18618134813039913
2490.5	0.31686	0.1862620715773528
2491.6	0.31653	0.18633936751650715
2492.6	0.31624	0.186409056412851
2493.6	0.31595	0.18648203829719892
2494.6	0.31565	0.18655472833834943
2495.7	0.31536	0.1866248097412481
2496.7	0.31507	0.1866981940521154
2497.7	0.31478	0.18676853675582947
2498.8	0.31444	0.18684645719374124
2500.0	0.31411	0.18692814619082487
2501.1	0.31381	0.1870048755616456
2502.1	0.31351	0.18707537239641478
2503.1	0.31322	0.18714641466062193
2504.2	0.31293	0.18721758859808904
2505.2	0.31262	0.187291280148423
2506.3	0.31232	0.18736232069672132
2507.4	0.312	0.18744230769230769
2508.5	0.31168	0.187519250513347
2509.6	0.31139	0.18759433507819775
2510.6	0.31109	0.18766273425696745
2511.6	0.31078	0.18773730613295578
2512.7	0.31047	0.1878152478500338
2513.8	0.31017	0.18789051165489892
2514.8	0.30987	0.18795946687320492
2515.9	0.30956	0.18803462979713143
2517.0	0.30925	0.18810994341147938
2518.1	0.30893	0.188191499692487
2519.2	0.3086	0.18826636422553467
2520.3	0.30829	0.18834538908170878
2521.4	0.30798	0.1884213260601338
2522.5	0.30765	0.18849666829189016
2523.7	0.30733	0.188579051833534
2524.8	0.30703	0.1886558316776862
2525.8	0.30672	0.18872587376108504
2526.9	0.30642	0.18880295019907314
2527.9	0.30612	0.1888736443224879
2528.9	0.30583	0.18894483863584347
2529.9	0.30554	0.18901289520193756
2530.9	0.30526	0.1890847146694621
2531.9	0.30498	0.18915010820381667
2532.8	0.30469	0.189218550001641
2533.9	0.3044	0.1892904073587385
2534.9	0.30411	0.18936240176252014
2535.9	0.30383	0.18942829871967878
2537.0	0.30354	0.18950714897542334
2537.9	0.30325	0.18957295960428688
2539.0	0.30296	0.18964549775547926
2539.9	0.30267	0.18971156705322628
2540.8	0.30241	0.18977547038788398
2541.8	0.30214	0.18983914741510557
2542.7	0.30187	0.18990956371948187
2543.7	0.3016	0.18997347480106103
2544.6	0.30132	0.19003716978627375
2545.6	0.30105	0.1901079554891214
2546.6	0.30076	0.1901782151881899
2547.6	0.30047	0.19024861051020067
2548.6	0.30019	0.1903161331156934
2549.5	0.29991	0.19038378180120702
2550.5	0.29963	0.19045155692020158
2551.5	0.29935	0.1905194588274595
2552.5	0.29907	0.19058748787909185
2553.5	0.29878	0.19065867862641409
2554.4	0.2985	0.19072361809045227
2555.4	0.29822	0.19079538595667628
2556.5	0.29793	0.19086698217702147
2557.5	0.29764	0.19093535815078616
2558.4	0.29737	0.1910011097286209
2559.3	0.2971	0.19106361494446317
2560.3	0.29682	0.19113604204568427
2561.3	0.29653	0.19120156476579098
2562.3	0.29625	0.19127088607594936
2563.3	0.29597	0.19134033854782578
2564.2	0.29569	0.19140654063377185
2565.2	0.29542	0.1914731568614176
2566.1	0.29514	0.191542996544013
2567.1	0.29486	0.1916095774265753
2568.1	0.29456	0.19167911461162412
2569.2	0.29425	0.1917553101104503
2570.2	0.29396	0.19182882024765274
2571.2	0.29368	0.19189594116044675
2572.2	0.29339	0.19196632468727634
2573.2	0.2931	0.19203684749232344
2574.2	0.29281	0.19210750998941292
2575.2	0.29252	0.19217831259401066
2576.2	0.29224	0.19224609909663293
2577.2	0.29196	0.1923140156185779
2578.2	0.29166	0.19238154014948916
2579.3	0.29136	0.1924560680944536
2580.3	0.29107	0.19252757068746348
2581.3	0.29079	0.19259603150039548
2582.3	0.29049	0.19267100416537572
2583.4	0.29019	0.19274268582652745
2584.3	0.28991	0.19281156220896142
2585.3	0.28963	0.19287711908296792
2586.2	0.28936	0.19293959082112247
2587.2	0.28908	0.19300885568008855
2588.2	0.28878	0.19308123831290258
2589.3	0.28847	0.19315700072797864
2590.3	0.28819	0.193226690724869
2591.3	0.28791	0.1932930429648154
2592.2	0.28763	0.19335952438897194
2593.2	0.28734	0.19342938678916963
2594.2	0.28706	0.1934961332125688
2595.1	0.28678	0.19356300997280146
2596.0	0.28651	0.19362674950263517
2597.0	0.28624	0.1936941028507546
2598.0	0.28595	0.19376464416856093
2598.9	0.28566	0.19383182804732899
2599.9	0.28538	0.19389936225383697
2600.9	0.2851	0.19396702911259206
2601.8	0.28483	0.19403152757785344
2602.8	0.28456	0.1940961484396964
2603.7	0.28429	0.19416089204685355
2604.6	0.28402	0.1942292796281952
2605.7	0.28373	0.19429739541113034
2606.6	0.28344	0.1943656505786057
2607.6	0.28315	0.19443757725587144
2608.6	0.28287	0.1945063103192279
2609.7	0.28257	0.1945783345719645
2610.7	0.28227	0.19464696921387323
2611.7	0.28199	0.19471967091031595
2612.6	0.28171	0.1947854176280572
2613.7	0.28141	0.19485803631711737
2614.7	0.2811	0.1949306296691569
2615.7	0.28081	0.19500017805633701
2616.7	0.28051	0.1950696944850451
2617.8	0.28022	0.19514310184854755
2618.8	0.27992	0.19521291797656473
2619.9	0.27962	0.1952900364780774
2620.8	0.27932	0.19535658026636116
2621.8	0.27903	0.1954234311722754
2622.8	0.27875	0.19549417040358744
2623.8	0.27845	0.1955647333453044
2624.9	0.27815	0.19563904368146684
2625.9	0.27783	0.1957096065939603
2627.0	0.27752	0.19578769097722687
2628.1	0.2772	0.19586219336219338
2629.2	0.27689	0.1959406262414677
2630.3	0.27659	0.19601576340431687
2631.3	0.27628	0.1960873027363544
2632.3	0.27598	0.1961555185158345
2633.3	0.27568	0.19623113755078353
2634.4	0.27536	0.1963030214991284
2635.5	0.27503	0.19638221284950735
2636.6	0.27471	0.19645808306941867
2637.7	0.2744	0.19653425655976678
2638.8	0.27407	0.19661035501879084
2639.9	0.27374	0.19669029005625777
2641.1	0.27342	0.19677053617145784
2642.1	0.27311	0.1968437625865036
2643.2	0.27278	0.19691692939365055
2644.3	0.27246	0.19699772443661456
2645.4	0.27212	0.1970748199323828
2646.6	0.27179	0.19715589241693957
2647.8	0.27145	0.19724074415177748
2649.0	0.27111	0.19732212017262366
2650.1	0.27078	0.19740010340497818
2651.2	0.27045	0.197478276945831
2652.3	0.27011	0.19755284883936172
2653.5	0.26978	0.1976351100897027
2654.7	0.26944	0.19771748812351544
2655.8	0.26911	0.1977964401174241
2657.0	0.26877	0.19787922759236523
2658.2	0.26843	0.19796222478858547
2659.3	0.2681	0.19803804550540843
2660.4	0.26777	0.1981177876535833
2661.5	0.26744	0.19819398743643432
2662.6	0.26712	0.19827418388739143
2663.7	0.2668	0.19834707646176913
2664.8	0.26648	0.19842764935454818
2665.9	0.26616	0.19850090171325518
2667.0	0.26584	0.19857809208546492
2668.1	0.26553	0.19865175309757846
2669.1	0.26522	0.19872558630570847
2670.3	0.26489	0.19880705198384235
2671.4	0.26457	0.19888120346222168
2672.4	0.26425	0.1989593188268685
2673.5	0.26393	0.1990338347289054
2674.6	0.26362	0.19910477202033228
2675.6	0.2633	0.1991796429927839
2676.7	0.26299	0.19925852694018784
2677.8	0.26267	0.19933376479993908
2678.8	0.26235	0.1994053744997141
2679.9	0.26203	0.1994809754608251
2681.0	0.26172	0.19955677823628304
2682.1	0.26141	0.1996289353888528
2683.1	0.2611	0.19970509383378016
2684.3	0.26078	0.1997814249559015
2685.4	0.26046	0.1998617829993089
2686.4	0.26014	0.19993080648881373
2687.5	0.25982	0.2000076976368255
2688.6	0.2595	0.20008477842003855
2689.7	0.25918	0.20016204954085962
2690.8	0.25885	0.20023952095808384
2691.9	0.25852	0.2003171901593687
2693.1	0.25818	0.200398946471454
2694.2	0.25784	0.20047704002482158
2695.4	0.2575	0.20055922330097087
2696.5	0.25717	0.20063771046389547
2697.7	0.25684	0.20072029278928516
2698.8	0.25652	0.2007952596288788
2699.8	0.2562	0.20087041373926623
2700.9	0.25587	0.20094579278539887
2702.1	0.25553	0.20102531992329667
2703.3	0.25519	0.20111289627336496
2704.4	0.25486	0.2011888880169505
2705.6	0.25452	0.20126905547697627
2706.7	0.25418	0.20134943740656228
2707.9	0.25385	0.20142997833366158
2708.9	0.25352	0.20150284001262225
2710.1	0.25319	0.20158774043208658
2711.3	0.25285	0.2016650187858414
2712.4	0.25251	0.2017464654865154
2713.5	0.25218	0.20182409390118167
2714.7	0.25184	0.20190597204574331
2715.9	0.2515	0.20198807157057652
2716.9	0.25118	0.20206226610398917
2718.0	0.25087	0.2021365647546538
2719.1	0.25054	0.20221122375668557
2720.3	0.25019	0.20229425636516243
2721.5	0.24985	0.2023814288573144
2722.6	0.24951	0.20245681535810187
2723.7	0.24917	0.20253642091744592
2724.9	0.24882	0.2026163491680733
2726.1	0.24848	0.20270444301352222
2727.3	0.24814	0.20278471830418313
2728.5	0.24778	0.20286948099120186
2729.7	0.24742	0.20295044862986017
2730.9	0.24707	0.20303557696199456
2732.1	0.24672	0.2031209468223087
2733.2	0.24636	0.20319857119662282
2734.6	0.24599	0.20329281678116998
2735.8	0.24562	0.2033792036479114
2737.1	0.24525	0.2034658511722732
2738.3	0.24487	0.203552905623392
2739.7	0.24448	0.2036526505235602
2740.9	0.24412	0.20373996395215468
2742.1	0.24376	0.20381933048900558
2743.3	0.24341	0.2039028799145475
2744.5	0.24307	0.20398239190356687
2745.7	0.24271	0.20407070166041777
2747.0	0.24234	0.20415944540727904
2748.2	0.24198	0.20424415240929003
2749.4	0.24163	0.2043289326656458
2750.6	0.24127	0.20440999709868612
2751.8	0.24091	0.2044996056618654
2753.0	0.24056	0.20457682075157965
2754.2	0.24021	0.20466258690312641
2755.4	0.23985	0.20474880133416717
2756.7	0.23948	0.20483965258059128
2758.0	0.23911	0.20492660281878636
2759.3	0.23874	0.2050180112256011
2760.5	0.23837	0.20510131308470028
2761.7	0.238	0.20518907563025213
2763.0	0.23763	0.20527711147582375
2764.2	0.23726	0.20536120711455788
2765.5	0.2369	0.20544955677501056
2766.6	0.23656	0.20552925262089955
2767.8	0.23622	0.20560917788502242
2768.9	0.23589	0.20568909237356398
2770.0	0.23555	0.20576947569518148
2771.2	0.23521	0.20585009140767827
2772.3	0.23488	0.20592643051771117
2773.5	0.23455	0.2060072479215519
2774.6	0.23422	0.206084023567586
2775.7	0.23389	0.20616101586215743
2776.8	0.23355	0.206242774566474
2778.0	0.23321	0.20632048368423309
2779.1	0.23287	0.20640271396057885
2780.3	0.23252	0.206485463616033
2781.4	0.2322	0.20656330749354007
2782.4	0.23189	0.2066324550433395
2783.5	0.23158	0.2067061058813369
2784.5	0.23128	0.20677533725354547
2785.5	0.23097	0.2068493743776248
2786.6	0.23064	0.2069242108914325
2787.8	0.23031	0.2070036038383049
2788.9	0.22997	0.20708353263469148
2790.0	0.22965	0.2071587197909863
2791.1	0.22933	0.2072341167749531
2792.2	0.229	0.20731441048034935
2793.3	0.22865	0.20739120927181282
2794.5	0.22832	0.2074719691660827
2795.5	0.22799	0.20754857669196017
2796.6	0.22767	0.20762067905301532
2797.7	0.22736	0.20769704433497535
2798.8	0.22704	0.20777396053558844
2799.9	0.22671	0.20784702924440918
2800.9	0.2264	0.20791961130742048
2801.9	0.22609	0.20799239241010214
2802.9	0.22577	0.20806130132435666
2804.0	0.22546	0.20813448061740444
2805.1	0.22513	0.20821303247012837
2806.3	0.22479	0.20829663241247387
2807.3	0.22448	0.20836600142551676
2808.3	0.22419	0.20843480975957893
2809.3	0.22389	0.2085041761579347
2810.3	0.22359	0.20857820117178763
2811.3	0.22329	0.20864794661650768
2812.3	0.223	0.20871748878923768
2813.3	0.22268	0.20878839590443687
2814.4	0.22236	0.2088595071055945
2815.4	0.22205	0.20893042107633414
2816.4	0.22174	0.20900604311355642
2817.5	0.22144	0.20907695086705202
2818.4	0.22115	0.20914311553244402
2819.4	0.22086	0.20920945395273022
2820.3	0.22058	0.2092710127844773
2821.2	0.22029	0.20933769122520315
2822.1	0.22001	0.2094041179946366
2823.1	0.21973	0.20947071405816228
2824.0	0.21945	0.20953292321713374
2825.0	0.21917	0.20959985399461606
2825.9	0.21889	0.20966695600529944
2826.8	0.21861	0.2097296555509812
2827.7	0.21834	0.20979206741778877
2828.5	0.21807	0.20985004814967667
2829.4	0.2178	0.20991276400367312
2830.3	0.21753	0.2099756355445226
2831.3	0.21726	0.210038663352665
2832.1	0.21698	0.21009770485759058
2833.1	0.21669	0.21017121233097974
2834.0	0.2164	0.21023105360443622
2835.0	0.21612	0.2102998334258745
2835.9	0.21584	0.2103641586360267
2836.8	0.21556	0.2104286509556504
2837.7	0.21528	0.2104933110367893
2838.7	0.215	0.21055813953488373
2839.6	0.21472	0.21061847988077498
2840.5	0.21445	0.21068314292375845
2841.4	0.21417	0.21074847084092077
2842.3	0.21389	0.21081396979755948
2843.2	0.21362	0.21087444995786908
2844.1	0.21336	0.2109345706786652
2845.0	0.21309	0.21099535407574266
2845.8	0.21282	0.2110562917019077
2846.7	0.21256	0.21111686112156566
2847.5	0.2123	0.211172868582195
2848.4	0.21204	0.21123372948500285
2849.2	0.21177	0.2112952731737262
2850.1	0.21152	0.21135590015128594
2850.9	0.21127	0.21141193733137692
2851.6	0.21104	0.2114622820318423
2852.4	0.21081	0.2115127365874484
2853.1	0.21059	0.21156275226743912
2853.8	0.21037	0.21161287255787423
2854.5	0.21016	0.21165778454510847
2855.1	0.20995	0.21170278637770898
2855.8	0.20974	0.2117526461333079
2856.4	0.20954	0.21179727021093825
2857.1	0.20934	0.21184197955479123
2857.7	0.20914	0.21188677440948647
2858.4	0.20894	0.2119316550205801
2859.0	0.20874	0.2119718309859155
2859.6	0.20855	0.21201630304483335
2860.2	0.20835	0.21206143508519318
2860.8	0.20816	0.21210126825518832
2861.4	0.20796	0.21214656664743217
2862.0	0.20777	0.21218655243779178
2862.7	0.20758	0.2122314288467097
2863.3	0.20739	0.21227156564925986
2863.9	0.20719	0.21231237028814132
2864.5	0.207	0.2123574879227053
2865.1	0.20681	0.21239785310188095
2865.7	0.20662	0.21244313232020134
2866.3	0.20642	0.21248425540160837
2866.9	0.20623	0.21252485089463222
2867.5	0.20603	0.21257098480803768
2868.1	0.20584	0.2126117372716673
2868.8	0.20564	0.21265804318226025
2869.4	0.20544	0.21269957165109032
2870.0	0.20524	0.2127411810563243
2870.6	0.20504	0.21278774873195475
2871.3	0.20484	0.21283440734231596
2871.9	0.20463	0.21287689977031715
2872.6	0.20443	0.21292373917722446
2873.2	0.20422	0.21296640877485065
2873.9	0.20401	0.2130140679378462
2874.6	0.20379	0.21306246626429168
2875.2	0.20358	0.2131054131054131
2875.9	0.20337	0.21315336578649752
2876.6	0.20315	0.21320206743785383
2877.3	0.20293	0.21325087468585227
2878.0	0.20271	0.21329978787430318
2878.7	0.20248	0.21334946661398657
2879.4	0.20225	0.21339925834363407
2880.2	0.20203	0.21344849774785926
2880.9	0.2018	0.21350346878097123
2881.6	0.20156	0.21355427664219093
2882.4	0.20133	0.21360452987632245
2883.1	0.20109	0.2136605500024865
2883.9	0.20085	0.21371172516803583
2884.7	0.20061	0.2137630227805194
2885.4	0.20037	0.21381943404701304
2886.2	0.20012	0.21387167699380372
2887.0	0.19988	0.2139283570142085
2887.8	0.19963	0.2139858738666533
2888.6	0.19938	0.21403851941017152
2889.4	0.19913	0.21409631898759604
2890.2	0.19888	0.2141492357200322
2891.0	0.19863	0.2142073201429794
2891.8	0.19838	0.21426555096279867
2892.6	0.19813	0.21431888154242165
2893.4	0.19788	0.21437740044471396
2894.2	0.19763	0.21443100743814197
2895.0	0.19738	0.21448981659742627
2895.8	0.19713	0.21454370212550092
2896.6	0.19688	0.21459772450223488
2897.4	0.19664	0.2146562245728234
2898.2	0.19639	0.21471052497581344
2899.0	0.19615	0.214764211062962
2899.8	0.19592	0.21481727235606368
2900.5	0.19568	0.21487121831561734
2901.3	0.19545	0.2149245331286774
2902.0	0.19521	0.21497874084319454
2902.8	0.19498	0.21502718227510514
2903.5	0.19476	0.21508009858287125
2904.3	0.19453	0.2151339125070683
2905.0	0.19431	0.21518192578868817
2905.7	0.19408	0.2152308326463314
2906.4	0.19386	0.21528422572990819
2907.1	0.19364	0.21533257591406732
2907.8	0.19342	0.21538103608727122
2908.5	0.19321	0.21542880803271053
2909.2	0.19299	0.2154774858800974
2909.9	0.19277	0.21553146236447582
2910.6	0.19255	0.2155803687353934
2911.4	0.19233	0.21562938699110903
2912.1	0.19211	0.21567851751600645
2912.8	0.19189	0.21572776069623223
2913.5	0.19166	0.21577794010226442
2914.2	0.19144	0.21582741328875887
2915.0	0.19121	0.2158778306573924
2915.7	0.19098	0.21592836946277094
2916.4	0.19075	0.2159842726081258
2917.2	0.19051	0.21603590362710617
2918.0	0.19027	0.21608766489725129
2918.7	0.19003	0.2161448192390675
2919.5	0.18978	0.216197702603014
2920.3	0.18953	0.21625600168838707
2921.1	0.18927	0.21631003328578222
2922.0	0.18901	0.21636950425903392
2922.8	0.18875	0.21642913907284766
2923.7	0.18848	0.2164845076400679
2924.5	0.18821	0.2165453482811753
2925.4	0.18793	0.21660724737934337
2926.3	0.18765	0.21666933120170528
2927.2	0.18737	0.2167369376100763
2928.1	0.18708	0.21680029933718195
2929.1	0.18679	0.21686385780823383
2930.0	0.18649	0.21692852163654888
2931.0	0.18619	0.21699876470272303
2932.0	0.18589	0.2170638549679918
2932.9	0.18558	0.2171354671839638
2933.9	0.18527	0.21720192151994386
2934.9	0.18496	0.21726859861591694
2935.9	0.18465	0.21734091524505822
2936.9	0.18433	0.2174089947376987
2937.9	0.18402	0.21748179545701557
2938.9	0.1837	0.217550353837779
2939.9	0.18339	0.2176181907410437
2940.9	0.18307	0.21768722346643357
2941.9	0.18276	0.21776099803020355
2942.9	0.18244	0.2178305196228897
2943.9	0.18213	0.2178993026958766
2944.9	0.18182	0.21796832031679683
2945.9	0.1815	0.21803856749311296
2946.9	0.18119	0.218108063358905
2947.9	0.18089	0.21817679252584446
2948.8	0.18058	0.21824122272676932
2949.8	0.18027	0.2183114217562545
2950.8	0.17997	0.21837528476968388
2951.7	0.17967	0.21844492681026326
2952.7	0.17937	0.21850922673802753
2953.6	0.17907	0.21857374211202324
2954.6	0.17878	0.21864302494686205
2955.5	0.17848	0.2187079784849843
2956.4	0.17819	0.21877209719961838
2957.3	0.1779	0.21883642495784147
2958.2	0.17762	0.2188998986600608
2959.1	0.17733	0.21895900298877802
2960.0	0.17705	0.2190228748940977
2960.9	0.17677	0.2190869491429541
2961.8	0.17649	0.21914556065499463
2962.6	0.17621	0.2192043584359571
2963.5	0.17594	0.21926793224963054
2964.4	0.17567	0.21932600899413673
2965.2	0.1754	0.2193842645381984
2966.1	0.17513	0.21944269970878774
2966.9	0.17486	0.2195013153379847
2967.7	0.1746	0.2195589919816724
2968.5	0.17434	0.21961684065618908
2969.4	0.17408	0.2196748621323529
2970.2	0.17382	0.21973305718559427
2971.0	0.17356	0.2197856648997465
2971.8	0.1733	0.21984420080784767
2972.6	0.17305	0.2199017624963883
2973.4	0.17279	0.2199548584987557
2974.2	0.17254	0.22000695490900662
2974.9	0.17229	0.22006500667479248
2975.7	0.17204	0.2201174145547547
2976.5	0.17179	0.2201757960300367
2977.3	0.17154	0.22022851812988223
2978.0	0.17129	0.22028139412691927
2978.8	0.17105	0.22033323589593684
2979.6	0.1708	0.2203864168618267
2980.3	0.17055	0.22043975373790675
2981.1	0.17031	0.22049204391991079
2981.9	0.17007	0.22054448168401247
2982.6	0.16982	0.22059828053232836
2983.4	0.16958	0.22065102016747257
2984.1	0.16934	0.22070390929490966
2984.9	0.16909	0.22075817611922646
2985.6	0.16885	0.22081137103938406
2986.4	0.16861	0.2208647173951723
2987.1	0.16837	0.2209122765338243
2987.9	0.16813	0.22096591922916792
2988.6	0.16789	0.22101971528977304
2989.4	0.16765	0.22107366537429168
2990.1	0.1674	0.2211230585424134
2990.9	0.16716	0.22117731514716438
2991.6	0.16692	0.2212257368799425
2992.4	0.16668	0.2212802975761939
2993.1	0.16644	0.22133501562124486
2993.9	0.1662	0.22138387484957883
2994.6	0.16596	0.22143890093998553
2995.4	0.16571	0.22148934886247057
2996.1	0.16547	0.22154469088052212
2996.9	0.16523	0.22159414149972767
2997.6	0.16498	0.2216450478845921
2998.4	0.16474	0.22170086196430738
2999.1	0.1645	0.2217507598784194
2999.9	0.16425	0.22180213089802128
3000.6	0.16401	0.221858423266874
3001.4	0.16376	0.22191011235955055
3002.2	0.16351	0.22196195951317962
3002.9	0.16327	0.22201874196116864
3003.7	0.16302	0.22207091154459574
3004.5	0.16277	0.22212324138354733
3005.2	0.16252	0.22217573221757322
3006.0	0.16227	0.22223454735933937
3006.8	0.16202	0.22228737192939144
3007.6	0.16177	0.2223403597700439
3008.4	0.16151	0.22239489814872146
3009.1	0.16126	0.22244822026540992
3009.9	0.16101	0.22250791876280976
3010.7	0.16075	0.22256298600311045
3011.5	0.16049	0.22261823166552436
3012.3	0.16023	0.22267365661861074
3013.1	0.15998	0.2227278409801225
3013.9	0.15972	0.2227836213373403
3014.7	0.15945	0.22284101599247413
3015.5	0.15919	0.22289716690746908
3016.4	0.15893	0.22295350154155918
3017.2	0.15866	0.22301147107021302
3018.0	0.1584	0.22306818181818178
3018.8	0.15813	0.2231265414532347
3019.6	0.15787	0.2231836321023627
3020.5	0.1576	0.22324238578680203
3021.3	0.15733	0.22330134113010866
3022.1	0.15706	0.22335413217878516
3023.0	0.15679	0.2234134830027425
3023.8	0.15652	0.2234730385893177
3024.7	0.15625	0.2235328
3025.5	0.15597	0.22359428095146505
3026.3	0.1557	0.2236480411046885
3027.2	0.15543	0.2237084217975938
3028.0	0.15515	0.2237705446342249
3028.9	0.15488	0.2238248966942149
3029.7	0.15461	0.22388590647435483
3030.6	0.15433	0.22394220177541632
3031.4	0.15406	0.22400363494742306
3032.3	0.15378	0.22406034594875798
3033.1	0.15351	0.2241222070223438
3033.9	0.15324	0.224177760375881
3034.8	0.15296	0.22424163179916315
3035.6	0.15269	0.22429759643722577
3036.5	0.15242	0.22435375934916676
3037.3	0.15215	0.22441669405192244
3038.1	0.15188	0.2244732683697656
3039.0	0.15161	0.2245300441923356
3039.8	0.15134	0.2245870225981234
3040.6	0.15107	0.22464420467333024
3041.4	0.15081	0.22469995358397984
3042.2	0.15055	0.22475589505147792
3043.0	0.15028	0.22481368112856004
3043.8	0.15003	0.2248683596614011
3044.6	0.14977	0.2249248848233959
3045.4	0.14951	0.22498160658149957
3046.2	0.14926	0.225036848452365
3047.0	0.14901	0.22509227568619555
3047.7	0.14876	0.22514116698037107
3048.5	0.14851	0.2251969564339102
3049.2	0.14827	0.22524448640992784
3050.0	0.14802	0.2253006350493176
3050.7	0.14778	0.22534849100013532
3051.4	0.14755	0.22540155879362933
3052.2	0.14731	0.22544973185798656
3052.9	0.14708	0.2255031275496329
3053.6	0.14685	0.22554988083077968
3054.3	0.14662	0.22560360114581915
3055.0	0.14639	0.22565065919803268
3055.7	0.14616	0.22569786535303776
3056.4	0.14594	0.22574345621488287
3057.0	0.14571	0.22579095463592064
3057.7	0.14549	0.22583682727335208
3058.4	0.14527	0.22588972258553036
3059.1	0.14505	0.2259358841778697
3059.7	0.14484	0.22598039215686277
3060.4	0.14462	0.22602682893099157
3061.0	0.1444	0.22607340720221608
3061.7	0.14419	0.22611831611068728
3062.4	0.14397	0.22616517329999308
3063.0	0.14376	0.2262103505843072
3063.7	0.14354	0.22625748920161626
3064.3	0.14333	0.22630293727761108
3065.0	0.14311	0.22634337223115086
3065.6	0.14289	0.22639093008608024
3066.3	0.14268	0.22643678160919542
3067.0	0.14246	0.22648462726379334
3067.6	0.14224	0.2265326209223847
3068.3	0.14202	0.22658076327277846
3069.0	0.1418	0.22662200282087444
3069.7	0.14158	0.22667043367707304
3070.3	0.14135	0.22672090555359037
3071.0	0.14113	0.2267696450081485
3071.7	0.1409	0.22682044002838894
3072.4	0.14067	0.22686429231534797
3073.1	0.14044	0.22691540871546567
3073.9	0.1402	0.2269686162624822
3074.6	0.13997	0.22702007573051367
3075.3	0.13973	0.2270664853646318
3076.0	0.13949	0.2271202236719478
3076.8	0.13925	0.2271669658886894
3077.5	0.13901	0.22722106323286098
3078.3	0.13877	0.22727534769762914
3079.0	0.13852	0.22732457406872655
3079.8	0.13828	0.22737923054671683
3080.5	0.13803	0.22742881982177787
3081.3	0.13779	0.2274838522389143
3082.0	0.13754	0.2275338083466628
3082.8	0.13729	0.22759123024255226
3083.5	0.13705	0.22763954761036118
3084.3	0.1368	0.22769736842105262
3085.0	0.13655	0.22774807762724278
3085.8	0.1363	0.22779897285399853
3086.6	0.13606	0.22784800823166254
3087.3	0.13581	0.22790663426846333
3088.1	0.13557	0.227956037471417
3088.8	0.13532	0.2280076854862548
3089.5	0.13508	0.2280574474385549
3090.3	0.13484	0.22811480272916052
3091.0	0.13459	0.22815959580949552
3091.7	0.13435	0.22820989951618906
3092.5	0.13412	0.2282657321801372
3093.2	0.13388	0.22831640274873022
3093.9	0.13364	0.2283672553127806
3094.6	0.13341	0.22841616070759313
3095.3	0.13318	0.22846523502027333
3096.0	0.13295	0.2285144791274915
3096.7	0.13272	0.22856389391199516
3097.4	0.13249	0.2286059325232093
3098.1	0.13227	0.22865351175625614
3098.8	0.13204	0.22870342320508938
3099.4	0.13182	0.22875132756789562
3100.1	0.1316	0.22879939209726446
3100.8	0.13138	0.2288476175978079
3101.4	0.13116	0.22888838060384262
3102.1	0.13094	0.22893691767221627
3102.8	0.13072	0.22898561811505508
3103.4	0.13051	0.22902459581641255
3104.1	0.13029	0.22907360503492213
3104.7	0.13008	0.22912054120541206
3105.4	0.12986	0.22916217464962266
3106.0	0.12965	0.22920940994986505
3106.6	0.12944	0.22925679851668726
3107.3	0.12922	0.22929887014394057
3107.9	0.12901	0.22934656228199363
3108.6	0.1288	0.22938664596273292
3109.2	0.12859	0.22943463721906834
3109.9	0.12837	0.22947729220222793
3110.5	0.12816	0.22951779026217228
3111.1	0.12795	0.22956623681125438
3111.8	0.12774	0.22960701424769062
3112.4	0.12753	0.22965576727044618
3113.0	0.12731	0.22969915953185138
3113.7	0.1271	0.22974822974036194
3114.3	0.12689	0.2297895815273071
3115.0	0.12668	0.22983107041364068
3115.6	0.12646	0.22987505930729085
3116.2	0.12625	0.22992475247524755
3116.9	0.12604	0.2299666772453189
3117.5	0.12583	0.23001668918381946
3118.2	0.12561	0.230061300851843
3118.8	0.1254	0.23010366826156298
3119.5	0.12519	0.23014617780972924
3120.1	0.12497	0.23019124589901577
3120.8	0.12476	0.23023404937479963
3121.4	0.12455	0.2302850260939382
3122.0	0.12433	0.23033057186519745
3122.7	0.12412	0.23037383177570095
3123.3	0.12391	0.23041723831813413
3124.0	0.12369	0.23046325491147224
3124.6	0.12348	0.23050696469063814
3125.3	0.12326	0.23055330196332954
3125.9	0.12305	0.23059731816334822
3126.6	0.12284	0.2306414848583523
3127.2	0.12262	0.23068830533355078
3127.9	0.12241	0.2307327832693407
3128.5	0.12219	0.23077993289139864
3129.1	0.12198	0.2308247253648139
3129.8	0.12177	0.23086967233308694
3130.4	0.12155	0.23091731797614148
3131.1	0.12134	0.2309543431679578
3131.7	0.12113	0.23099975233220504
3132.4	0.12091	0.23104788685799355
3133.0	0.1207	0.2310936205468103
3133.6	0.12049	0.23113951365258528
3134.3	0.12028	0.23118556701030926
3134.9	0.12006	0.23122605363984675
3135.6	0.11985	0.2312724238631623
3136.2	0.11964	0.23131895687061185
3136.8	0.11943	0.23135728041530604
3137.5	0.11922	0.23140412682435832
3138.1	0.119	0.2314453781512605
3138.8	0.11879	0.23149254987793583
3139.4	0.11858	0.23153988868274583
3140.0	0.11837	0.23157894736842105
3140.7	0.11816	0.23162660798916723
3141.3	0.11795	0.2316744383213226
3141.9	0.11774	0.2317139459826737
3142.6	0.11753	0.23176210329277633
3143.2	0.11732	0.23180190930787592
3143.8	0.11711	0.2318503970625907
3144.4	0.1169	0.23189050470487596
3145.1	0.11669	0.2319307567058017
3145.7	0.11649	0.23197699373336766
3146.3	0.11628	0.23202614379084968
3147.0	0.11607	0.232066856207461
3147.6	0.11586	0.232107716209218
3148.2	0.11565	0.23215737137916126
3148.8	0.11545	0.23219575573841492
3149.5	0.11524	0.23223707046164527
3150.1	0.11503	0.2322872294184126
3150.7	0.11482	0.23232886256749694
3151.3	0.11462	0.23236782411446522
3152.0	0.11441	0.2324184948868106
3152.6	0.1142	0.23246059544658496
3153.2	0.11399	0.23250285112729188
3153.8	0.11379	0.232542402671588
3154.4	0.11358	0.23258496214122204
3155.1	0.11337	0.23262767928023287
3155.7	0.11317	0.23267650437395068
3156.3	0.11296	0.2327195467422096
3156.9	0.11275	0.23276274944567626
3157.6	0.11255	0.2328031985784096
3158.2	0.11234	0.23284671532846718
3158.8	0.11213	0.2328903950771426
3159.4	0.11193	0.2329312963459305
3160.0	0.11172	0.2329752953813104
3160.7	0.11151	0.2330194601381042
3161.3	0.11131	0.23306082113017698
3161.9	0.1111	0.2331053105310531
3162.5	0.11089	0.23314996843719
3163.1	0.11069	0.23319179691029002
3163.8	0.11048	0.2332367849384504
3164.4	0.11027	0.23328194431849097
3165.0	0.11007	0.23332424820568728
3165.6	0.10986	0.23336974330966687
3166.2	0.10965	0.23340629274965802
3166.9	0.10945	0.2334582000913659
3167.5	0.10924	0.2334950567557671
3168.1	0.10903	0.2335412271851784
3168.7	0.10882	0.23358757581326964
3169.3	0.10862	0.233631007180998
3170.0	0.10841	0.23366848076745686
3170.6	0.1082	0.23371534195933458
3171.2	0.10799	0.2337623854060561
3171.8	0.10778	0.23380033401373165
3172.5	0.10758	0.2338445807770961
3173.1	0.10737	0.23389214864487287
3173.7	0.10716	0.23393057110862261
3174.3	0.10695	0.2339784946236559
3175.0	0.10674	0.23401723814877273
3175.6	0.10653	0.23406552144935697
3176.2	0.10632	0.234104589917231
3176.9	0.10611	0.23415323720667233
3177.5	0.1059	0.23419263456090653
3178.1	0.10569	0.2342416501088088
3178.8	0.10547	0.23428463070067318
3179.4	0.10526	0.23432452973589205
3180.0	0.10505	0.23437410756782484
3180.7	0.10484	0.23441434566959177
3181.3	0.10462	0.2344580386159434
3181.9	0.10441	0.2345081888707978
3182.6	0.10419	0.23455226029369422
3183.2	0.10398	0.23459319099826892
3183.9	0.10376	0.23463762528912874
3184.5	0.10355	0.23468855625301788
3185.2	0.10333	0.2347333784960805
3185.8	0.10311	0.2347783920085346
3186.5	0.10289	0.23482359801730002
3187.1	0.10268	0.23486560186988703
3187.8	0.10246	0.23491118485262544
3188.4	0.10224	0.23495696400625982
3189.1	0.10202	0.2350029405998824
3189.7	0.1018	0.235049115913556
3190.4	0.10158	0.23509549123843274
3191.0	0.10136	0.2351420678768745
3191.7	0.10113	0.23519232670819737
3192.4	0.10091	0.23522941234763653
3193.0	0.10069	0.23527659151852218
3193.7	0.10047	0.23532397730665872
3194.4	0.10024	0.23537509976057464
3195.0	0.10002	0.2354229154169166
3195.7	0.0998	0.23547094188376755
3196.4	0.09957	0.2355127046299086
3197.0	0.09935	0.23556114745848014
3197.7	0.09912	0.23560330912025826
3198.4	0.09889	0.23565577914854885
3199.1	0.09867	0.23570487483530964
3199.7	0.09844	0.23574766355140186
3200.4	0.09821	0.2358008349455249
3201.1	0.09798	0.23584404980608287
3201.8	0.09776	0.2358940261865794
3202.5	0.09753	0.23593766020711573
3203.1	0.0973	0.23598150051387462
3203.8	0.09707	0.23603585041722466
3204.5	0.09684	0.23608013217678647
3205.2	0.09661	0.23613497567539593
3205.9	0.09638	0.23617970533305666
3206.6	0.09615	0.23622464898595943
3207.3	0.09592	0.23626980817347787
3207.9	0.09569	0.23632563486257707
3208.6	0.09546	0.23637125497590614
3209.3	0.09523	0.2364170954531135
3210.0	0.095	0.23646315789473685
3210.7	0.09477	0.23650944391685133
3211.3	0.09455	0.2365626652564781
3212.0	0.09432	0.23660941475826971
3212.7	0.0941	0.23665249734325186
3213.3	0.09388	0.23669578184916915
3214.0	0.09366	0.23673926969891096
3214.6	0.09344	0.2367829623287671
3215.3	0.09322	0.23683758850032183
3215.9	0.09301	0.23687775508009892
3216.5	0.0928	0.23691810344827585
3217.2	0.09259	0.23695863484177557
3217.8	0.09239	0.23700616949886352
3218.4	0.09218	0.23704708179648512
3219.0	0.09198	0.2370950206566645
3219.5	0.09179	0.2371282274757599
3220.1	0.09159	0.2371656294355279
3220.7	0.0914	0.23721006564551422
3221.2	0.09122	0.23725060293795222
3221.8	0.09103	0.23728441173239592
3222.3	0.09085	0.23732526141992294
3222.9	0.09067	0.23736627329877577
3223.4	0.0905	0.23740331491712707
3223.9	0.09032	0.237433569530558
3224.4	0.09015	0.23747088186356075
3224.9	0.08998	0.2375083351855968
3225.4	0.08982	0.2375417501670007
3225.9	0.08965	0.23756832124930288
3226.4	0.08949	0.23760196670018996
3226.8	0.08933	0.2376357326765924
3227.3	0.08917	0.23766961982729617
3227.8	0.08901	0.23770362880575213
3228.3	0.08885	0.23773776027011817
3228.7	0.0887	0.23776775648252538
3229.2	0.08854	0.23780212333408632
3229.6	0.08839	0.2378323339744315
3230.1	0.08824	0.237862647325476
3230.5	0.08808	0.23789736603088102
3231.0	0.08793	0.23792789719094734
3231.4	0.08778	0.2379585326953748
3231.9	0.08763	0.23798927307999543
3232.3	0.08747	0.2380244655310392
3232.8	0.08732	0.2380554283096656
3233.2	0.08717	0.23808649764827353
3233.7	0.08701	0.23812205493621424
3234.2	0.08685	0.2381462291306851
3234.6	0.08669	0.23818202791556117
3235.1	0.08653	0.2382179590893332
3235.6	0.08637	0.23825402338775037
3236.1	0.08621	0.23829022155202412
3236.6	0.08604	0.2383193863319386
3237.1	0.08587	0.23836031209968556
3237.6	0.08569	0.23839421169331312
3238.1	0.08552	0.23842376052385406
3238.7	0.08534	0.2384696508085306
3239.2	0.08515	0.23849677040516734
3239.7	0.08497	0.23854301518182885
3240.3	0.08478	0.23858221278603445
3240.9	0.08459	0.2386215864759428
3241.4	0.0844	0.2386611374407583
3242.0	0.08421	0.23870086688041803
3242.6	0.08401	0.23873348410903464
3243.2	0.08382	0.23877356239560962
3243.7	0.08362	0.2388184644821813
3244.3	0.08342	0.23886358187485016
3244.9	0.08322	0.23889689978370582
3245.5	0.08302	0.23894242351240666
3246.1	0.08282	0.23898816710939388
3246.7	0.08262	0.23902202856451224
3247.3	0.08243	0.23906344777386873
3247.8	0.08223	0.2391098139365195
3248.4	0.08203	0.2391442155309033
3249.0	0.08183	0.23917878528656972
3249.6	0.08164	0.23922097011268983
3250.1	0.08144	0.23926817288801572
3250.7	0.08125	0.23929846153846152
3251.3	0.08106	0.23934122871946711
3251.8	0.08087	0.23938419685915668
3252.4	0.08068	0.23941497273177986
3252.9	0.08049	0.2394583178034538
3253.5	0.0803	0.23950186799501869
3254.0	0.08011	0.23953314192984648
3254.6	0.07993	0.23957212560990865
3255.1	0.07974	0.2396162528216704
3255.6	0.07956	0.2396430367018602
3256.2	0.07937	0.2396875393725589
3256.7	0.07919	0.2397272382876626
3257.2	0.07901	0.23975446146057464
3257.8	0.07883	0.23979449448179627
3258.3	0.07865	0.23983471074380167
3258.8	0.07847	0.2398751115075825
3259.3	0.07829	0.2399029250223528
3259.9	0.07811	0.23994366918448345
3260.4	0.07793	0.2399846015655075
3260.9	0.07775	0.2400128617363344
3261.4	0.07758	0.2400489816963135
3261.9	0.0774	0.2400904392764858
3262.4	0.07722	0.24011914011914012
3262.9	0.07705	0.2401557430240104
3263.4	0.07687	0.24019773643814235
3263.9	0.0767	0.24023468057366362
3264.5	0.07653	0.24025872206977655
3265.0	0.07635	0.24030124426981006
3265.5	0.07618	0.2403386715673405
3266.0	0.076	0.2403684210526316
3266.5	0.07583	0.24040617169985495
3267.0	0.07566	0.24044409199048372
3267.5	0.07549	0.24046893628295138
3268.0	0.07531	0.24051254813437792
3268.5	0.07514	0.2405376630290125
3269.0	0.07497	0.2405762304921969
3269.5	0.0748	0.24061497326203207
3270.0	0.07463	0.24065389253651345
3270.5	0.07446	0.2406795594950309
3270.9	0.07429	0.24071880468434514
3271.4	0.07412	0.24074473826227735
3271.9	0.07395	0.24078431372549017
3272.4	0.07378	0.2408240715641095
3272.9	0.07361	0.24085042793098768
3273.4	0.07344	0.24089052287581694
3273.9	0.07327	0.2409171557253992
3274.4	0.0731	0.2409575923392613
3274.9	0.07293	0.24099821746880573
3275.4	0.07276	0.24102528862012093
3275.9	0.07259	0.241066262570602
3276.4	0.07242	0.24109362054681027
3276.9	0.07226	0.2411292554663714
3277.3	0.07209	0.24115688722430298
3277.8	0.07192	0.24119855394883205
3278.3	0.07175	0.24122648083623696
3278.8	0.07158	0.24126851075719474
3279.3	0.07141	0.24129673715165942
3279.8	0.07125	0.24133333333333334
3280.3	0.07108	0.2413618458075408
3280.8	0.07091	0.24140459737695671
3281.2	0.07074	0.2414334181509754
3281.7	0.07058	0.24147067157835078
3282.2	0.07041	0.24149978696207922
3282.7	0.07024	0.24154328018223234
3283.2	0.07008	0.2415667808219178
3283.7	0.06991	0.241610642254327
3284.1	0.06974	0.2416403785488959
3284.6	0.06958	0.24167864328830124
3285.1	0.06941	0.24170868750900448
3285.6	0.06925	0.24173285198555958
3286.1	0.06908	0.2417776491024899
3286.6	0.06892	0.24180208937899014
3287.0	0.06875	0.24183272727272723
3287.5	0.06859	0.24187199300189532
3288.0	0.06842	0.24190295235311313
3288.5	0.06826	0.2419425725168473
3289.0	0.06809	0.241973858128947
3289.4	0.06793	0.24199911673781832
3289.9	0.06776	0.24204545454545454
3290.4	0.0676	0.2420710059171598
3290.9	0.06744	0.2421115065243179
3291.3	0.06727	0.24214360041623312
3291.8	0.06711	0.24216957234391295
3292.3	0.06695	0.24221060492905155
3292.8	0.06678	0.24224318658280922
3293.2	0.06662	0.2422695887120985
3293.7	0.06646	0.2423111646102919
3294.2	0.0663	0.2423378582202112
3294.6	0.06614	0.24236468097973993
3295.1	0.06597	0.242398059724117
3295.6	0.06581	0.2424403586081143
3296.1	0.06565	0.24246763137852248
3296.5	0.06549	0.2424950374102916
3297.0	0.06532	0.24252908756889158
3297.5	0.06516	0.24257213014119094
3297.9	0.065	0.24259999999999995
3298.4	0.06484	0.24262800740283777
3298.9	0.06468	0.24267161410018556
3299.4	0.06451	0.24270655712292669
3299.8	0.06435	0.24273504273504273
3300.3	0.06419	0.24276367035363763
3300.8	0.06402	0.24279912527335212
3301.3	0.06386	0.24282806138427812
3301.7	0.06369	0.24286387187941594
3302.2	0.06353	0.2428931213599874
3302.7	0.06336	0.2429292929292929
3303.2	0.0632	0.24295886075949366
3303.7	0.06303	0.2429953990163414
3304.1	0.06287	0.24302529028153333
3304.6	0.0627	0.24306220095693779
3305.1	0.06253	0.24309931233008153
3305.6	0.06236	0.24313662604233482
3306.1	0.06219	0.24317414375301494
3306.6	0.06202	0.24319574330861013
3307.1	0.06185	0.2432336297493937
3307.6	0.06168	0.24327172503242542
3308.1	0.06151	0.2433100308892863
3308.6	0.06133	0.24333931191912603
3309.1	0.06116	0.24337802485284502
3309.6	0.06099	0.24341695359895063
3310.1	0.06081	0.24344680151290904
3310.6	0.06064	0.24348614775725594
3311.1	0.06046	0.24351637446245453
3311.6	0.06029	0.24355614529772762
3312.1	0.06011	0.24358675761104642
3312.6	0.05993	0.24363423994660438
3313.2	0.05976	0.24365796519410976
3313.7	0.05959	0.2436986071488505
3314.2	0.05941	0.2437300117825282
3314.7	0.05924	0.24377110060769752
3315.2	0.05907	0.24379549686812257
3315.7	0.0589	0.24383701188455006
3316.1	0.05873	0.24386174016686532
3316.6	0.05856	0.24390368852459016
3317.1	0.0584	0.24393835616438356
3317.6	0.05823	0.24396359264983686
3318.0	0.05807	0.24399862235233338
3318.5	0.05791	0.2440338456225177
3318.9	0.05776	0.24406163434903047
3319.4	0.0576	0.24409722222222222
3319.8	0.05745	0.24412532637075715
3320.2	0.05731	0.2441633222823242
3320.7	0.05716	0.2441917424772568
3321.1	0.05702	0.2442125569975447
3321.5	0.05688	0.24423347398030942
3321.9	0.05675	0.24426431718061672
3322.2	0.05662	0.24429530201342284
3322.6	0.05649	0.24432642945654098
3323.0	0.05636	0.24433995741660752
3323.3	0.05624	0.24436344238975818
3323.7	0.05612	0.2443870277975766
3324.0	0.056	0.24441071428571426
3324.4	0.05588	0.24443450250536863
3324.7	0.05577	0.24446835216065985
3325.0	0.05566	0.24448436938555515
3325.3	0.05555	0.2445184518451845
3325.6	0.05545	0.24452660054102796
3325.9	0.05534	0.2445608962775569
3326.2	0.05524	0.2445691527878349
3326.5	0.05513	0.24460366406675133
3326.8	0.05503	0.24461202980192623
3327.1	0.05493	0.24463863098488986
3327.4	0.05483	0.244647091008572
3327.7	0.05473	0.24467385346245205
3328.0	0.05463	0.24470071389346512
3328.3	0.05454	0.2447194719471947
3328.5	0.05444	0.24472814107274063
3328.8	0.05434	0.24475524475524474
3329.1	0.05424	0.24478244837758115
3329.4	0.05414	0.24479128186183965
3329.7	0.05404	0.24481865284974094
3330.0	0.05394	0.24482758620689657
3330.3	0.05384	0.2448551263001486
3330.6	0.05374	0.24488276888723481
3330.9	0.05363	0.24490024240164088
3331.2	0.05353	0.24490939660003735
3331.5	0.05342	0.24494571321602393
3331.8	0.05331	0.24496342149690487
3332.1	0.0532	0.2449812030075188
3332.4	0.05309	0.24499905820305143
3332.7	0.05298	0.24503586258965648
3333.1	0.05287	0.24505390580669567
3333.4	0.05275	0.24508056872037917
3333.7	0.05264	0.24509878419452888
3334.1	0.05252	0.24512566641279515
3334.4	0.0524	0.24515267175572517
3334.8	0.05228	0.24516067329762817
3335.1	0.05216	0.24518788343558284
3335.4	0.05204	0.2452152190622598
3335.8	0.05192	0.24524268104776578
3336.1	0.0518	0.24527027027027026
3336.5	0.05168	0.2452979876160991
3336.8	0.05156	0.24530643910007757
3337.2	0.05144	0.2453343701399689
3337.5	0.05132	0.24536243180046768
3337.9	0.0512	0.245390625
3338.2	0.05108	0.24541895066562255
3338.6	0.05096	0.2454277864992151
3338.9	0.05084	0.24545633359559402
3339.3	0.05072	0.24548501577287066
3339.6	0.05061	0.24550484094052558
3339.9	0.05049	0.24553376906318083
3340.3	0.05037	0.24556283502084575
3340.6	0.05026	0.24558296856346995
3340.9	0.05014	0.24559234144395695
3341.3	0.05003	0.24561263242054768
3341.6	0.04992	0.24565304487179487
3341.9	0.0498	0.24566265060240966
3342.2	0.04969	0.2456832360635943
3342.5	0.04958	0.24570391286809198
3342.9	0.04947	0.24572468162522743
3343.2	0.04936	0.24576580226904374
3343.5	0.04925	0.24578680203045683
3343.8	0.04915	0.24579857578840283
3344.1	0.04904	0.24581973898858075
3344.4	0.04894	0.24583163056804253
3344.7	0.04883	0.24585295924636494
3345.0	0.04873	0.2458854914836856
3345.3	0.04862	0.24590703414232826
3345.6	0.04852	0.245919208573784
3345.9	0.04842	0.2459520859149112
3346.2	0.04832	0.2459644039735099
3346.5	0.04822	0.24597677312318542
3346.7	0.04812	0.24600997506234412
3347.0	0.04801	0.2460320766506978
3347.3	0.04791	0.24604466708411604
3347.6	0.04782	0.2460685905478879
3347.9	0.04772	0.246081307627829
3348.2	0.04762	0.246115077698446
3348.5	0.04752	0.2461279461279461
3348.7	0.04742	0.2461408688317166
3349.0	0.04732	0.24617497886728654
3349.3	0.04722	0.24618805590851334
3349.6	0.04712	0.2462011884550085
3349.9	0.04701	0.24622420761540095
3350.2	0.04691	0.24623747601790663
3350.5	0.04681	0.24627216406750696
3350.8	0.0467	0.24629550321199145
3351.1	0.0466	0.24630901287553647
3351.4	0.04649	0.2463325446332545
3351.7	0.04638	0.24635618801207418
3352.0	0.04628	0.24636992221261886
3352.3	0.04616	0.2464038128249567
3352.6	0.04605	0.2464060803474484
3352.9	0.04594	0.24643012625163255
3353.3	0.04582	0.24646442601484067
3353.6	0.04571	0.24648873331874863
3353.9	0.04559	0.24650142575126124
3354.3	0.04547	0.24653617769958214
3354.6	0.04535	0.24654906284454245
3354.9	0.04524	0.24657382847038017
3355.3	0.04512	0.2466090425531915
3355.6	0.04501	0.2466118640302155
3355.9	0.04489	0.2466473602138561
3356.2	0.04478	0.2466726217061188
3356.6	0.04467	0.24669800761137228
3356.9	0.04456	0.24672351885098742
3357.2	0.04445	0.24672665916760403
3357.5	0.04434	0.24675236806495263
3357.8	0.04423	0.246778204838345
3358.1	0.04412	0.24680417044424297
3358.5	0.04401	0.24683026584867074
3358.8	0.0439	0.24683371298405465
3359.1	0.04379	0.2468600137017584
3359.4	0.04368	0.2468864468864469
3359.7	0.04356	0.246900826446281
3360.1	0.04345	0.24692750287686996
3360.4	0.04333	0.24696515116547427
3360.7	0.04322	0.24696899583526144
3361.0	0.0431	0.24700696055684454
3361.4	0.04299	0.2470341939986043
3361.7	0.04288	0.2470382462686567
3362.0	0.04277	0.2470657002571896
3362.3	0.04266	0.24709329582747305
3362.6	0.04256	0.24710996240601504
3362.9	0.04245	0.24713780918727915
3363.2	0.04235	0.2471546635182999
3363.5	0.04224	0.24718276515151516
3363.8	0.04215	0.24718861209964413
3364.1	0.04205	0.24720570749108206
3364.3	0.04195	0.247222884386174
3364.6	0.04186	0.24725274725274723
3364.9	0.04176	0.24727011494252873
3365.1	0.04167	0.24727621790256782
3365.4	0.04158	0.24730639730639734
3365.6	0.04149	0.24731260544709568
3365.9	0.04141	0.2473315624245351
3366.1	0.04132	0.24736205227492736
3366.4	0.04124	0.2473811833171678
3366.6	0.04116	0.2474003887269193
3366.8	0.04108	0.24739532619279456
3367.0	0.041	0.24741463414634146
3367.3	0.04092	0.24743401759530795
3367.5	0.04084	0.24745347698334966
3367.7	0.04077	0.24746136865342164
3367.9	0.04069	0.24748095355124114
3368.1	0.04062	0.2474889217134416
3368.3	0.04055	0.24752157829839705
3368.5	0.04048	0.24752964426877466
3368.7	0.04041	0.2475377381836179
3368.9	0.04034	0.24755081804660387
3369.1	0.04027	0.24756394338217033
3369.3	0.0402	0.24757960199004975
3369.5	0.04014	0.2475909317389138
3369.7	0.04007	0.24760419266284
3369.8	0.04001	0.24761809547613098
3370.0	0.03994	0.24762894341512265
3370.2	0.03988	0.24764292878635907
3370.4	0.03982	0.2476544450025113
3370.6	0.03976	0.24766599597585517
3370.7	0.03969	0.24767951625094478
3370.9	0.03963	0.24769114307342924
3371.1	0.03957	0.24770280515542079
3371.2	0.03951	0.247714502657555
3371.4	0.03946	0.24772681196147997
3371.6	0.0394	0.24773857868020305
3371.7	0.03934	0.24775038129130655
3371.9	0.03928	0.24775967413441952
3372.1	0.03923	0.2477721131786898
3372.2	0.03917	0.2477840183814143
3372.4	0.03911	0.24779340322168245
3372.5	0.03906	0.24780593958013314
3372.7	0.039	0.2478153846153846
3372.9	0.03895	0.24782798459563546
3373.0	0.03889	0.24783749035741837
3373.2	0.03884	0.2478501544799176
3373.3	0.03878	0.24785972150593089
3373.5	0.03873	0.24786986831913244
3373.6	0.03867	0.24788207913110935
3373.8	0.03862	0.24789228379078196
3373.9	0.03857	0.24790251490795956
3374.1	0.03851	0.24791223058945724
3374.2	0.03846	0.24792251690067602
3374.4	0.03841	0.24793282999218952
3374.5	0.03836	0.24794316996871743
3374.7	0.0383	0.2479556135770235
3374.8	0.03825	0.24796601307189545
3375.0	0.0382	0.24797643979057596
3375.1	0.03815	0.24798689384010483
3375.3	0.03809	0.24799684956681545
3375.4	0.03804	0.24800736067297582
3375.6	0.03799	0.24801789944722294
3375.7	0.03794	0.24802583025830255
3375.9	0.03789	0.24803642121931907
3376.0	0.03784	0.2480470401691332
3376.2	0.03778	0.24805717310746428
3376.3	0.03773	0.24806785051683009
3376.5	0.03768	0.24807855626326963
3376.6	0.03763	0.24808929045973957
3376.7	0.03758	0.2480973922299095
3376.9	0.03752	0.24810767590618338
3377.0	0.03747	0.24811849479583664
3377.2	0.03742	0.2481293425975414
3377.3	0.03737	0.24814021942734812
3377.5	0.03732	0.24815112540192927
3377.6	0.03726	0.2481615673644659
3377.8	0.03721	0.2481698468153722
3377.9	0.03716	0.24818083961248658
3378.1	0.03711	0.24819186203179738
3378.2	0.03705	0.24820242914979757
3378.4	0.037	0.24821351351351353
3378.5	0.03695	0.2482219215155616
3378.7	0.03689	0.24823258335592302
3378.8	0.03684	0.24824375678610208
3379.0	0.03679	0.24825496058711605
3379.1	0.03673	0.2482657228423632
3379.3	0.03668	0.24827699018538715
3379.4	0.03662	0.24828782086291643
3379.6	0.03657	0.24829915231063712
3379.8	0.03651	0.24831005204053685
3379.9	0.03646	0.24831870543060888
3380.1	0.0364	0.24832967032967035
3380.2	0.03635	0.24834112792297114
3380.4	0.03629	0.24835216313033892
3380.6	0.03623	0.24836323488821418
3380.7	0.03618	0.24837479270315094
3380.9	0.03612	0.24838593576965673
3381.0	0.03606	0.24839711591791458
3381.2	0.03601	0.2484087753401833
3381.4	0.03595	0.24842002781641165
3381.5	0.03589	0.24843131791585404
3381.7	0.03583	0.24844264582751885
3381.9	0.03577	0.24845680738048645
3382.0	0.03571	0.24846821618594234
3382.2	0.03565	0.24847966339410937
3382.4	0.03559	0.2484911491992133
3382.6	0.03553	0.24850267379679145
3382.7	0.03547	0.24851705666760643
3382.9	0.0354	0.24852824858757064
3383.1	0.03534	0.24853989813242783
3383.3	0.03528	0.2485544217687075
3383.4	0.03521	0.2485657483669412
3383.6	0.03515	0.2485775248933144
3383.8	0.03508	0.24859179019384264
3384.0	0.03502	0.2486036550542547
3384.2	0.03495	0.24861802575107292
3384.4	0.03488	0.24862958715596328
3384.6	0.03482	0.2486444572085009
3384.7	0.03475	0.24865611510791366
3384.9	0.03468	0.24867070357554785
3385.1	0.03461	0.24868246171626698
3385.3	0.03454	0.24869716270990155
3385.5	0.03447	0.24871192341166232
3385.7	0.0344	0.24872383720930233
3385.9	0.03433	0.24873871249635887
3386.1	0.03426	0.24875364856976065
3386.3	0.03419	0.24876572097104419
3386.5	0.03412	0.2487807737397421
3386.7	0.03405	0.24879588839941263
3386.9	0.03397	0.24881071533706212
3387.1	0.0339	0.2488230088495575
3387.3	0.03383	0.24883830919302397
3387.6	0.03375	0.24885333333333332
3387.8	0.03368	0.24886579572446554
3388.0	0.03361	0.2488812853317465
3388.2	0.03353	0.2488965105875336
3388.4	0.03346	0.24890914524805743
3388.6	0.03338	0.24892450569203114
3388.8	0.03331	0.2489402581807265
3389.0	0.03323	0.24895275353596144
3389.2	0.03316	0.2489686369119421
3389.4	0.03309	0.24898458748866728
3389.6	0.03301	0.24899727355346865
3389.8	0.03294	0.249013357619915
3390.0	0.03286	0.2490261716372489
3390.3	0.03279	0.2490423909728576
3390.5	0.03272	0.24905562347188262
3390.7	0.03265	0.2490689127105666
3390.9	0.03257	0.24908504758980657
3391.1	0.0325	0.24909846153846155
3391.3	0.03243	0.2491119333950046
3391.5	0.03236	0.24912546353522866
3391.7	0.03229	0.2491390523381852
3391.9	0.03222	0.24915270018621977
3392.1	0.03214	0.2491661481020535
3392.3	0.03207	0.24917991892734642
3392.5	0.03201	0.24919400187441426
3392.7	0.03194	0.24920788979336253
3392.8	0.03187	0.24922183871979917
3393.0	0.0318	0.2492358490566038
3393.2	0.03173	0.24924992121021114
3393.4	0.03166	0.2492608970309539
3393.6	0.0316	0.24927531645569617
3393.8	0.03153	0.24928956549318107
3394.0	0.03146	0.24930069930069926
3394.2	0.0314	0.24931528662420385
3394.4	0.03133	0.24932652409830836
3394.5	0.03127	0.24933802366485452
3394.7	0.0312	0.24935256410256412
3394.9	0.03114	0.24936416184971097
3395.1	0.03107	0.2493788220148053
3395.3	0.03101	0.24939051918735894
3395.4	0.03095	0.24940226171243943
3395.6	0.03088	0.24941386010362693
3395.8	0.03082	0.24942569759896172
3396.0	0.03076	0.24943758127438231
3396.1	0.0307	0.24944951140065147
3396.3	0.03064	0.24946148825065273
3396.5	0.03057	0.24947333987569514
3396.6	0.03051	0.24948541461815799
3396.8	0.03045	0.2494975369458128
3397.0	0.03039	0.24950970714050674
3397.2	0.03033	0.2495219254863172
3397.3	0.03027	0.24953419226957385
3397.5	0.03021	0.24954650777888115
3397.7	0.03015	0.24955555555555556
3397.8	0.0301	0.24956810631229237
3398.0	0.03004	0.24958055925432757
3398.1	0.02998	0.24959306204136092
3398.3	0.02992	0.24960227272727273
3398.5	0.02986	0.24961486939048894
3398.6	0.0298	0.24962416107382548
3398.8	0.02975	0.24963697478991598
3399.0	0.02969	0.2496497137083193
3399.1	0.02963	0.24965912926088424
3399.3	0.02958	0.2496686950642326
3399.4	0.02952	0.24968157181571815
3399.6	0.02946	0.24969110658520027
3399.8	0.02941	0.24970418225093508
3399.9	0.02935	0.24971379897785348
3400.1	0.02929	0.249726869238648
3400.2	0.02924	0.24973666210670317
3400.4	0.02918	0.24974640164496228
3400.5	0.02912	0.24975961538461539
3400.7	0.02907	0.24976952184382528
3400.8	0.02901	0.24977938641847638
3401.0	0.02896	0.24978936464088397
3401.2	0.0289	0.24980276816608996
3401.3	0.02885	0.24981282495667245
3401.5	0.02879	0.24982285515804098
3401.6	0.02874	0.24983298538622128
3401.8	0.02868	0.2498465829846583
3401.9	0.02863	0.249856793573175
3402.1	0.02857	0.24986699334966747
3402.2	0.02852	0.2498772791023843
3402.4	0.02846	0.24988756148981026
3402.5	0.02841	0.24989792326645546
3402.7	0.02835	0.24990828924162256
3402.9	0.0283	0.24991872791519437
3403.0	0.02824	0.24992917847025495
3403.2	0.02819	0.24993969492727916
3403.3	0.02813	0.24995378599360113
3403.5	0.02808	0.24996438746438746
3403.6	0.02802	0.24997501784439685
3403.8	0.02797	0.24998569896317485
3403.9	0.02791	0.24999641705481906
