depth	LID	rel_unc	comment
105	104.15	0.15
106	104.25	0.15
107	104.77	0.15
108	105.25	0.15
109	105.29	0.15
110	105.57	0.15
111	105.77	0.15
112	106.46	0.15
113	106.34	0.15
114	106.25	0.15
115	106.19	0.15
116	106.1	0.15
117	106.02	0.15
118	105.94	0.15
119	105.9	0.15
120	104.94	0.15
121	104.84	0.15
122	104.77	0.15
123	104.74	0.15
124	104.62	0.15
125	104.55	0.15
126	104.52	0.15
127	104.42	0.15
128	103.99	0.15
129	103.69	0.15
130	103.42	0.15
131	103.63	0.15
132	103.87	0.15
133	104.08	0.15
134	104.07	0.15
135	104.09	0.15
136	104.14	0.15
137	104.24	0.15
138	104.26	0.15
139	104.26	0.15
140	104.19	0.15
141	104.55	0.15
142	104.79	0.15
143	105.02	0.15
144	104.98	0.15
145	104.89	0.15
146	104.76	0.15
147	104.62	0.15
148	104.42	0.15
149	104.26	0.15
150	104.08	0.15
151	103.9	0.15
152	104	0.15
153	104.01	0.15
154	103.77	0.15
155	103.51	0.15
156	103.06	0.15
157	102.83	0.15
158	102.6	0.15
159	102.46	0.15
160	102.61	0.15
161	102.77	0.15
162	102.87	0.15
163	102.95	0.15
164	103.23	0.15
165	103.58	0.15
166	104.05	0.15
167	104.14	0.15
168	104.14	0.15
169	104.14	0.15
170	104.2	0.15
171	104.37	0.15
172	104.47	0.15
173	104.6	0.15
174	104.96	0.15
175	105.22	0.15
176	105.37	0.15
177	105.5	0.15
178	105.57	0.15
179	105.52	0.15
180	105.41	0.15
181	105.35	0.15
182	105.34	0.15
183	105.51	0.15
184	105.76	0.15
185	105.95	0.15
186	105.98	0.15
187	105.94	0.15
188	105.81	0.15
189	105.5	0.15
190	105.22	0.15
191	105.06	0.15
192	105.28	0.15
193	105.51	0.15
194	105.74	0.15
195	105.73	0.15
196	105.74	0.15
197	105.84	0.15
198	105.87	0.15
199	105.77	0.15
200	105.6	0.15
201	105.46	0.15
202	105.28	0.15
203	105.18	0.15
204	105.21	0.15
205	105.25	0.15
206	105.23	0.15
207	105.11	0.15
208	104.95	0.15
209	104.83	0.15
210	104.92	0.15
211	105.02	0.15
212	105.05	0.15
213	104.96	0.15
214	104.81	0.15
215	104.69	0.15
216	104.41	0.15
217	104.16	0.15
218	104.04	0.15
219	104.02	0.15
220	103.98	0.15
221	104.07	0.15
222	104.21	0.15
223	104.43	0.15
224	104.55	0.15
225	104.46	0.15
226	104.35	0.15
227	104.28	0.15
228	104.18	0.15
229	104.15	0.15
230	104.11	0.15
231	104.14	0.15
232	104.16	0.15
233	104.27	0.15
234	104.33	0.15
235	104.09	0.15
236	103.87	0.15
237	103.88	0.15
238	103.9	0.15
239	103.95	0.15
240	104.02	0.15
241	104.09	0.15
242	103.92	0.15
243	103.8	0.15
244	104.11	0.15
245	104.33	0.15
246	104.24	0.15
247	104.12	0.15
248	103.97	0.15
249	103.83	0.15
250	103.72	0.15
251	103.76	0.15
252	103.81	0.15
253	103.87	0.15
254	103.91	0.15
255	103.85	0.15
256	103.55	0.15
257	103.39	0.15
258	103.54	0.15
259	103.68	0.15
260	103.75	0.15
261	103.78	0.15
262	103.87	0.15
263	103.97	0.15
264	104.09	0.15
265	104.15	0.15
266	104.01	0.15
267	103.97	0.15
268	104.1	0.15
269	104.04	0.15
270	104.01	0.15
271	104.08	0.15
272	104.1	0.15
273	104	0.15
274	103.89	0.15
275	103.83	0.15
276	103.79	0.15
277	103.66	0.15
278	103.69	0.15
279	103.76	0.15
280	103.81	0.15
281	103.67	0.15
282	103.44	0.15
283	103.33	0.15
284	103.44	0.15
285	103.56	0.15
286	103.66	0.15
287	103.66	0.15
288	103.68	0.15
289	103.74	0.15
290	103.82	0.15
291	103.82	0.15
292	103.78	0.15
293	103.63	0.15
294	103.61	0.15
295	103.65	0.15
296	103.56	0.15
297	103.5	0.15
298	103.49	0.15
299	103.41	0.15
300	103.37	0.15
301	103.38	0.15
302	103.33	0.15
303	102.78	0.15
304	102.6	0.15
305	102.52	0.15
306	102.59	0.15
307	102.74	0.15
308	102.9	0.15
309	103.02	0.15
310	103.16	0.15
311	103.22	0.15
312	103.32	0.15
313	103.31	0.15
314	103.28	0.15
315	103.34	0.15
316	103.64	0.15
317	104	0.15
318	104.31	0.15
319	104.58	0.15
320	104.8	0.15
321	104.9	0.15
322	104.97	0.15
323	104.99	0.15
324	104.86	0.15
325	104.8	0.15
326	104.97	0.15
327	105.02	0.15
328	105.11	0.15
329	105.18	0.15
330	105.24	0.15
331	105.27	0.15
332	105.31	0.15
333	105.33	0.15
334	105.33	0.15
335	105.35	0.15
336	105.49	0.15
337	105.67	0.15
338	105.82	0.15
339	105.87	0.15
340	105.97	0.15
341	106.07	0.15
342	106.13	0.15
343	106.11	0.15
344	106.03	0.15
345	105.93	0.15
346	105.73	0.15
347	105.5	0.15
348	105.22	0.15
349	104.88	0.15
350	104.67	0.15
351	104.52	0.15
352	104.51	0.15
353	104.23	0.15
354	104.44	0.15
355	104.74	0.15
356	104.8	0.15
357	104.74	0.15
358	104.69	0.15
359	104.84	0.15
360	104.97	0.15
361	104.97	0.15
362	104.97	0.15
363	104.96	0.15
364	104.92	0.15
365	104.81	0.15
366	104.71	0.15
367	104.59	0.15
368	104.44	0.15
369	104.32	0.15
370	104.24	0.15
371	104.11	0.15
372	104.02	0.15
373	104	0.15
374	104.07	0.15
375	104.06	0.15
376	103.99	0.15
377	104.09	0.15
378	104.04	0.15
379	103.72	0.15
380	103.51	0.15
381	103.31	0.15
382	103.19	0.15
383	103.18	0.15
384	103.16	0.15
385	103.09	0.15
386	103.02	0.15
387	102.94	0.15
388	102.86	0.15
389	102.79	0.15
390	102.8	0.15
391	102.88	0.15
392	102.98	0.15
393	103.02	0.15
394	102.92	0.15
395	102.81	0.15
396	102.97	0.15
397	103.1	0.15
398	103.14	0.15
399	103.07	0.15
400	102.99	0.15
401	102.89	0.15
402	102.88	0.15
403	102.85	0.15
404	102.66	0.15
405	102.45	0.15
406	102.51	0.15
407	102.56	0.15
408	102.57	0.15
409	102.64	0.15
410	102.72	0.15
411	102.76	0.15
412	102.81	0.15
413	102.89	0.15
414	102.99	0.15
415	103.1	0.15
416	103.12	0.15
417	103.12	0.15
418	103.07	0.15
419	103.05	0.15
420	102.97	0.15
421	103.05	0.15
422	103.13	0.15
423	102.99	0.15
424	102.41	0.15
425	101.84	0.15
426	101.59	0.15
427	101.43	0.15
428	101.23	0.15
429	101.01	0.15
430	100.74	0.15
431	100.39	0.15
432	99.94	0.15
433	99.56	0.15
434	99.2	0.15
435	98.88	0.15
436	98.62	0.15
437	98.4	0.15
438	98.33	0.15
439	98.24	0.15
440	98.12	0.15
441	97.95	0.15
442	97.78	0.15
443	97.59	0.15
444	97.45	0.15
445	97.43	0.15
446	97.18	0.15
447	96.95	0.15
448	96.91	0.15
449	96.9	0.15
450	96.84	0.15
451	96.91	0.15
452	97.05	0.15
453	97.02	0.15
454	96.82	0.15
455	96.6	0.15
456	96.37	0.15
457	96.16	0.15
458	96.12	0.15
459	96.19	0.15
460	96.17	0.15
461	96.13	0.15
462	96.07	0.15
463	95.89	0.15
464	95.63	0.15
465	95.42	0.15
466	95.17	0.15
467	94.84	0.15
468	94.53	0.15
469	94.28	0.15
470	94.09	0.15
471	93.96	0.15
472	93.95	0.15
473	93.87	0.15
474	93.77	0.15
475	93.6	0.15
476	93.32	0.15
477	93.31	0.15
478	93.34	0.15
479	93.32	0.15
480	93.27	0.15
481	93.18	0.15
482	93.1	0.15
483	93.27	0.15
484	93.24	0.15
485	93.19	0.15
486	93.25	0.15
487	93.39	0.15
488	93.56	0.15
489	93.72	0.15
490	93.89	0.15
491	94.05	0.15
492	94.14	0.15
493	94.18	0.15
494	94.15	0.15
495	94.13	0.15
496	94.2	0.15
497	94.3	0.15
498	94.33	0.15
499	94.32	0.15
500	94.33	0.15
501	94.31	0.15
502	94.23	0.15
503	94.13	0.15
504	94.26	0.15
505	94.3	0.15
506	94.32	0.15
507	94.36	0.15
508	94.41	0.15
509	94.47	0.15
510	94.55	0.15
511	94.9	0.15
512	95.28	0.15
513	95.42	0.15
514	95.49	0.15
515	95.55	0.15
516	95.64	0.15
517	95.81	0.15
518	96.01	0.15
519	96.16	0.15
520	96.31	0.15
521	96.47	0.15
522	96.6	0.15
523	96.66	0.15
524	96.66	0.15
525	96.61	0.15
526	96.75	0.15
527	96.62	0.15
528	96.48	0.15
529	96.2	0.15
530	95.9	0.15
531	95.89	0.15
532	95.87	0.15
533	95.76	0.15
534	95.69	0.15
535	95.65	0.15
536	95.6	0.15
537	95.57	0.15
538	95.56	0.15
539	95.53	0.15
540	95.44	0.15
541	95.34	0.15
542	95.21	0.15
543	95.27	0.15
544	95.3	0.15
545	95.15	0.15
546	95.02	0.15
547	94.95	0.15
548	94.94	0.15
549	95	0.15
550	95.24	0.15
551	95.52	0.15
552	95.69	0.15
553	95.83	0.15
554	95.99	0.15
555	96.09	0.15
556	96.15	0.15
557	96.15	0.15
558	96.08	0.15
559	95.98	0.15
560	95.85	0.15
561	95.67	0.15
562	95.63	0.15
563	95.67	0.15
564	95.66	0.15
565	95.39	0.15
566	95.09	0.15
567	94.8	0.15
568	94.5	0.15
569	94.19	0.15
570	93.89	0.15
571	93.83	0.15
572	93.79	0.15
573	93.78	0.15
574	93.79	0.15
575	93.85	0.15
576	93.95	0.15
577	94.05	0.15
578	94.12	0.15
579	94.12	0.15
580	93.99	0.15
581	93.77	0.15
582	93.66	0.15
583	93.6	0.15
584	93.51	0.15
585	93.28	0.15
586	93.05	0.15
587	92.84	0.15
588	92.71	0.15
589	92.65	0.15
590	92.69	0.15
591	92.81	0.15
592	93.04	0.15
593	93.28	0.15
594	93.53	0.15
595	93.74	0.15
596	93.97	0.15
597	94.07	0.15
598	94.04	0.15
599	93.95	0.15
600	93.95	0.15
601	94.02	0.15
602	94.06	0.15
603	94.25	0.15
604	94.47	0.15
605	94.72	0.15
606	95	0.15
607	95.27	0.15
608	95.5	0.15
609	95.66	0.15
610	95.8	0.15
611	95.78	0.15
612	95.69	0.15
613	95.76	0.15
614	95.95	0.15
615	96.13	0.15
616	96.25	0.15
617	96.29	0.15
618	96.29	0.15
619	96.3	0.15
620	96.27	0.15
621	95.99	0.15
622	95.72	0.15
623	95.67	0.15
624	95.79	0.15
625	95.92	0.15
626	95.92	0.15
627	95.87	0.15
628	95.74	0.15
629	95.59	0.15
630	95.49	0.15
631	95.48	0.15
632	95.51	0.15
633	95.52	0.15
634	95.55	0.15
635	95.58	0.15
636	95.59	0.15
637	95.57	0.15
638	95.54	0.15
639	95.44	0.15
640	95.24	0.15
641	95.08	0.15
642	94.87	0.15
643	94.55	0.15
644	94.22	0.15
645	94.04	0.15
646	93.89	0.15
647	93.75	0.15
648	93.8	0.15
649	93.88	0.15
650	93.88	0.15
651	93.77	0.15
652	93.63	0.15
653	93.69	0.15
654	93.74	0.15
655	93.78	0.15
656	93.8	0.15
657	93.81	0.15
658	93.62	0.15
659	93.39	0.15
660	93.22	0.15
661	93.16	0.15
662	93.2	0.15
663	93.42	0.15
664	93.73	0.15
665	94.12	0.15
666	94.55	0.15
667	95.11	0.15
668	95.69	0.15
669	96.24	0.15
670	96.78	0.15
671	97.2	0.15
672	97.59	0.15
673	98.05	0.15
674	98.54	0.15
675	99.02	0.15
676	99.37	0.15
677	99.53	0.15
678	99.55	0.15
679	99.51	0.15
680	99.55	0.15
681	99.58	0.15
682	99.57	0.15
683	99.48	0.15
684	99.29	0.15
685	99.1	0.15
686	98.97	0.15
687	98.89	0.15
688	98.79	0.15
689	98.64	0.15
690	98.36	0.15
691	98.04	0.15
692	97.76	0.15
693	97.53	0.15
694	97.32	0.15
695	97.2	0.15
696	97.1	0.15
697	97	0.15
698	96.96	0.15
699	96.96	0.15
700	96.92	0.15
701	96.8	0.15
702	96.65	0.15
703	96.46	0.15
704	96.34	0.15
705	96.31	0.15
706	96.46	0.15
707	96.58	0.15
708	96.64	0.15
709	96.65	0.15
710	96.49	0.15
711	96.19	0.15
712	95.91	0.15
713	95.76	0.15
714	95.62	0.15
715	95.58	0.15
716	95.66	0.15
717	95.7	0.15
718	95.61	0.15
719	95.43	0.15
720	95.24	0.15
721	95.1	0.15
722	95.02	0.15
723	94.98	0.15
724	94.88	0.15
725	94.9	0.15
726	95.05	0.15
727	95.26	0.15
728	95.51	0.15
729	95.74	0.15
730	95.94	0.15
731	96.13	0.15
732	96.35	0.15
733	96.58	0.15
734	96.81	0.15
735	97.02	0.15
736	97.2	0.15
737	97.37	0.15
738	97.59	0.15
739	97.83	0.15
740	98.08	0.15
741	98.34	0.15
742	98.61	0.15
743	98.86	0.15
744	99.03	0.15
745	99.17	0.15
746	99.18	0.15
747	99.14	0.15
748	99.15	0.15
749	99.18	0.15
750	99.16	0.15
751	99.08	0.15
752	98.96	0.15
753	98.87	0.15
754	98.75	0.15
755	98.64	0.15
756	98.56	0.15
757	98.51	0.15
758	98.38	0.15
759	98.24	0.15
760	98.13	0.15
761	98.01	0.15
762	97.85	0.15
763	97.54	0.15
764	97.22	0.15
765	96.99	0.15
766	96.9	0.15
767	96.82	0.15
768	96.77	0.15
769	96.78	0.15
770	96.79	0.15
771	96.83	0.15
772	96.84	0.15
773	96.77	0.15
774	96.62	0.15
775	96.38	0.15
776	96.21	0.15
777	96.04	0.15
778	95.89	0.15
779	95.75	0.15
780	95.59	0.15
781	95.43	0.15
782	95.28	0.15
783	95.04	0.15
784	94.78	0.15
785	94.61	0.15
786	94.65	0.15
787	94.65	0.15
788	94.51	0.15
789	94.31	0.15
790	94.11	0.15
791	93.93	0.15
792	93.86	0.15
793	93.8	0.15
794	93.78	0.15
795	93.89	0.15
796	94.23	0.15
797	94.59	0.15
798	94.87	0.15
799	95.14	0.15
800	95.39	0.15
801	95.6	0.15
802	95.77	0.15
803	95.91	0.15
804	96.05	0.15
805	96.17	0.15
806	96.22	0.15
807	96.25	0.15
808	96.3	0.15
809	96.33	0.15
810	96.33	0.15
811	96.3	0.15
812	96.26	0.15
813	96.25	0.15
814	96.27	0.15
815	96.3	0.15
816	96.32	0.15
817	96.35	0.15
818	96.35	0.15
819	96.34	0.15
820	96.34	0.15
821	96.32	0.15
822	96.26	0.15
823	96.34	0.15
824	96.51	0.15
825	96.69	0.15
826	96.8	0.15
827	96.82	0.15
828	96.77	0.15
829	96.68	0.15
830	96.57	0.15
831	96.43	0.15
832	96.3	0.15
833	96.15	0.15
834	96.05	0.15
835	96.03	0.15
836	96.25	0.15
837	96.43	0.15
838	96.51	0.15
839	96.54	0.15
840	96.54	0.15
841	96.55	0.15
842	96.61	0.15
843	96.61	0.15
844	96.52	0.15
845	96.38	0.15
846	96.28	0.15
847	96.19	0.15
848	96.18	0.15
849	96.17	0.15
850	96.12	0.15
851	96.04	0.15
852	95.98	0.15
853	95.92	0.15
854	95.84	0.15
855	95.75	0.15
856	95.79	0.15
857	95.8	0.15
858	95.58	0.15
859	95.27	0.15
860	94.95	0.15
861	94.61	0.15
862	94.25	0.15
863	93.99	0.15
864	93.75	0.15
865	93.58	0.15
866	93.55	0.15
867	93.55	0.15
868	93.47	0.15
869	93.39	0.15
870	93.32	0.15
871	93.24	0.15
872	93.19	0.15
873	92.96	0.15
874	92.68	0.15
875	92.47	0.15
876	92.56	0.15
877	92.64	0.15
878	92.52	0.15
879	92.35	0.15
880	92.23	0.15
881	92.1	0.15
882	91.96	0.15
883	92.03	0.15
884	92.18	0.15
885	92.35	0.15
886	92.54	0.15
887	92.72	0.15
888	92.85	0.15
889	92.98	0.15
890	93.17	0.15
891	93.41	0.15
892	93.67	0.15
893	93.93	0.15
894	94.15	0.15
895	94.33	0.15
896	94.59	0.15
897	94.86	0.15
898	95.13	0.15
899	95.39	0.15
900	95.61	0.15
901	95.79	0.15
902	95.95	0.15
903	96.23	0.15
904	96.56	0.15
905	96.88	0.15
906	97.12	0.15
907	97.38	0.15
908	97.56	0.15
909	97.71	0.15
910	97.85	0.15
911	97.97	0.15
912	98.07	0.15
913	98.17	0.15
914	98.32	0.15
915	98.49	0.15
916	98.7	0.15
917	98.88	0.15
918	98.99	0.15
919	99.08	0.15
920	99.16	0.15
921	99.21	0.15
922	99.21	0.15
923	99.13	0.15
924	99.01	0.15
925	98.92	0.15
926	99.11	0.15
927	99.29	0.15
928	99.37	0.15
929	99.33	0.15
930	99.29	0.15
931	99.32	0.15
932	99.37	0.15
933	99.34	0.15
934	99.25	0.15
935	99.12	0.15
936	98.93	0.15
937	98.78	0.15
938	98.82	0.15
939	98.91	0.15
940	99	0.15
941	99.05	0.15
942	99.09	0.15
943	99.07	0.15
944	98.99	0.15
945	98.81	0.15
946	98.33	0.15
947	97.77	0.15
948	97.46	0.15
949	97.27	0.15
950	97.09	0.15
951	96.92	0.15
952	96.75	0.15
953	96.47	0.15
954	96.14	0.15
955	95.84	0.15
956	95.76	0.15
957	95.68	0.15
958	95.56	0.15
959	95.42	0.15
960	95.27	0.15
961	95.14	0.15
962	95.04	0.15
963	94.97	0.15
964	94.95	0.15
965	94.92	0.15
966	95.06	0.15
967	95.13	0.15
968	95.02	0.15
969	94.81	0.15
970	94.58	0.15
971	94.33	0.15
972	94.04	0.15
973	93.85	0.15
974	93.77	0.15
975	93.71	0.15
976	93.62	0.15
977	93.56	0.15
978	93.52	0.15
979	93.46	0.15
980	93.39	0.15
981	93.32	0.15
982	93.22	0.15
983	93.06	0.15
984	92.82	0.15
985	92.68	0.15
986	92.77	0.15
987	92.91	0.15
988	92.99	0.15
989	92.99	0.15
990	92.99	0.15
991	93.02	0.15
992	93.05	0.15
993	93.09	0.15
994	93.13	0.15
995	93.18	0.15
996	93.44	0.15
997	93.73	0.15
998	93.95	0.15
999	94.11	0.15
1000	94.22	0.15
1001	94.25	0.15
1002	94.24	0.15
1003	94.22	0.15
1004	94.25	0.15
1005	94.31	0.15
1006	94.38	0.15
1007	94.44	0.15
1008	94.46	0.15
1009	94.45	0.15
1010	94.48	0.15
1011	94.51	0.15
1012	94.54	0.15
1013	94.46	0.15
1014	94.21	0.15
1015	93.91	0.15
1016	93.8	0.15
1017	93.73	0.15
1018	93.75	0.15
1019	93.84	0.15
1020	93.9	0.15
1021	93.92	0.15
1022	93.88	0.15
1023	93.76	0.15
1024	93.59	0.15
1025	93.44	0.15
1026	93.36	0.15
1027	93.3	0.15
1028	93.28	0.15
1029	93.32	0.15
1030	93.4	0.15
1031	93.43	0.15
1032	93.44	0.15
1033	93.41	0.15
1034	93.35	0.15
1035	93.3	0.15
1036	93.36	0.15
1037	93.49	0.15
1038	93.64	0.15
1039	93.78	0.15
1040	93.89	0.15
1041	93.98	0.15
1042	94.05	0.15
1043	94.08	0.15
1044	94.05	0.15
1045	93.98	0.15
1046	93.98	0.15
1047	94.03	0.15
1048	94.12	0.15
1049	94.22	0.15
1050	94.34	0.15
1051	94.39	0.15
1052	94.46	0.15
1053	94.54	0.15
1054	94.6	0.15
1055	94.66	0.15
1056	94.8	0.15
1057	94.98	0.15
1058	95.14	0.15
1059	95.3	0.15
1060	95.4	0.15
1061	95.5	0.15
1062	95.62	0.15
1063	95.74	0.15
1064	95.8	0.15
1065	95.83	0.15
1066	95.9	0.15
1067	95.94	0.15
1068	95.98	0.15
1069	96.06	0.15
1070	96.17	0.15
1071	96.31	0.15
1072	96.46	0.15
1073	96.57	0.15
1074	96.51	0.15
1075	96.47	0.15
1076	96.67	0.15
1077	96.93	0.15
1078	97.11	0.15
1079	97.12	0.15
1080	97.13	0.15
1081	97.15	0.15
1082	97.16	0.15
1083	97.16	0.15
1084	97.19	0.15
1085	97.15	0.15
1086	97.13	0.15
1087	97.13	0.15
1088	97.17	0.15
1089	97.24	0.15
1090	97.31	0.15
1091	97.35	0.15
1092	97.38	0.15
1093	97.35	0.15
1094	97.18	0.15
1095	96.96	0.15
1096	96.79	0.15
1097	96.66	0.15
1098	96.55	0.15
1099	96.54	0.15
1100	96.6	0.15
1101	96.7	0.15
1102	96.75	0.15
1103	96.88	0.15
1104	96.98	0.15
1105	96.96	0.15
1106	96.69	0.15
1107	96.41	0.15
1108	96.28	0.15
1109	96.2	0.15
1110	96.17	0.15
1111	96.13	0.15
1112	96.09	0.15
1113	96.16	0.15
1114	96.22	0.15
1115	96.21	0.15
1116	96.05	0.15
1117	95.9	0.15
1118	95.91	0.15
1119	95.99	0.15
1120	96.1	0.15
1121	96.25	0.15
1122	96.44	0.15
1123	96.65	0.15
1124	96.85	0.15
1125	97.01	0.15
1126	97.19	0.15
1127	97.36	0.15
1128	97.52	0.15
1129	97.71	0.15
1130	97.95	0.15
1131	98.22	0.15
1132	98.45	0.15
1133	98.56	0.15
1134	98.6	0.15
1135	98.63	0.15
1136	98.78	0.15
1137	98.9	0.15
1138	98.85	0.15
1139	98.77	0.15
1140	98.81	0.15
1141	99.01	0.15
1142	99.24	0.15
1143	99.36	0.15
1144	99.46	0.15
1145	99.6	0.15
1146	99.8	0.15
1147	99.93	0.15
1148	99.87	0.15
1149	99.73	0.15
1150	99.6	0.15
1151	99.52	0.15
1152	99.43	0.15
1153	99.31	0.15
1154	99.15	0.15
1155	98.98	0.15
1156	98.91	0.15
1157	98.89	0.15
1158	98.94	0.15
1159	99.02	0.15
1160	99.11	0.15
1161	99.21	0.15
1162	99.36	0.15
1163	99.43	0.15
1164	99.38	0.15
1165	99.28	0.15
1166	99.26	0.15
1167	99.27	0.15
1168	99.44	0.15
1169	99.64	0.15
1170	99.81	0.15
1171	99.91	0.15
1172	100.05	0.15
1173	100.17	0.15
1174	100.33	0.15
1175	100.5	0.15
1176	100.66	0.15
1177	100.75	0.15
1178	101.04	0.15
1179	101.29	0.15
1180	101.35	0.15
1181	101.37	0.15
1182	101.37	0.15
1183	101.39	0.15
1184	101.43	0.15
1185	101.47	0.15
1186	101.51	0.15
1187	101.54	0.15
1188	101.62	0.15
1189	101.71	0.15
1190	101.75	0.15
1191	101.64	0.15
1192	101.45	0.15
1193	101.25	0.15
1194	101.05	0.15
1195	100.95	0.15
1196	101.07	0.15
1197	101.11	0.15
1198	101.07	0.15
1199	101.01	0.15
1200	100.87	0.15
1201	100.38	0.15
1202	99.83	0.15
1203	99.52	0.15
1204	99.31	0.15
1205	99.19	0.15
1206	99.26	0.15
1207	99.31	0.15
1208	99.26	0.15
1209	99.2	0.15
1210	99.06	0.15
1211	98.8	0.15
1212	98.53	0.15
1213	98.36	0.15
1214	98.24	0.15
1215	98.17	0.15
1216	98.21	0.15
1217	98.3	0.15
1218	98.28	0.15
1219	98.22	0.15
1220	98.19	0.15
1221	98.2	0.15
1222	98.2	0.15
1223	98.34	0.15
1224	98.52	0.15
1225	98.69	0.15
1226	98.89	0.15
1227	99.02	0.15
1228	99.08	0.15
1229	99.08	0.15
1230	98.98	0.15
1231	98.74	0.15
1232	98.55	0.15
1233	98.57	0.15
1234	98.68	0.15
1235	98.8	0.15
1236	98.89	0.15
1237	98.92	0.15
1238	98.94	0.15
1239	98.91	0.15
1240	98.8	0.15
1241	98.54	0.15
1242	98.32	0.15
1243	98.26	0.15
1244	98.31	0.15
1245	98.44	0.15
1246	98.63	0.15
1247	98.74	0.15
1248	98.76	0.15
1249	98.75	0.15
1250	98.78	0.15
1251	98.88	0.15
1252	99.05	0.15
1253	99.12	0.15
1254	99.13	0.15
1255	99.16	0.15
1256	99.26	0.15
1257	99.33	0.15
1258	99.32	0.15
1259	99.28	0.15
1260	99.29	0.15
1261	99.5	0.15
1262	99.74	0.15
1263	99.78	0.15
1264	99.7	0.15
1265	99.63	0.15
1266	99.7	0.15
1267	99.73	0.15
1268	99.55	0.15
1269	99.26	0.15
1270	99.03	0.15
1271	98.98	0.15
1272	98.99	0.15
1273	99	0.15
1274	99.01	0.15
1275	99.11	0.15
1276	99.37	0.15
1277	99.54	0.15
1278	99.43	0.15
1279	99.23	0.15
1280	99.04	0.15
1281	98.9	0.15
1282	98.78	0.15
1283	98.75	0.15
1284	98.82	0.15
1285	98.89	0.15
1286	98.99	0.15
1287	99.06	0.15
1288	99.1	0.15
1289	99.13	0.15
1290	99.13	0.15
1291	99.16	0.15
1292	99.25	0.15
1293	99.34	0.15
1294	99.46	0.15
1295	99.6	0.15
1296	99.8	0.15
1297	100	0.15
1298	100.31	0.15
1299	100.61	0.15
1300	100.83	0.15
1301	100.85	0.15
1302	100.93	0.15
1303	101.03	0.15
1304	101.1	0.15
1305	101.11	0.15
1306	101.03	0.15
1307	100.9	0.15
1308	100.88	0.15
1309	100.88	0.15
1310	100.89	0.15
1311	100.85	0.15
1312	100.8	0.15
1313	100.69	0.15
1314	100.55	0.15
1315	100.48	0.15
1316	100.64	0.15
1317	100.75	0.15
1318	100.57	0.15
1319	100.27	0.15
1320	100.08	0.15
1321	100.22	0.15
1322	100.37	0.15
1323	100.39	0.15
1324	100.34	0.15
1325	100.31	0.15
1326	100.26	0.15
1327	100.18	0.15
1328	100.09	0.15
1329	100.02	0.15
1330	99.93	0.15
1331	99.81	0.15
1332	99.68	0.15
1333	99.59	0.15
1334	99.55	0.15
1335	99.54	0.15
1336	99.55	0.15
1337	99.54	0.15
1338	99.29	0.15
1339	98.96	0.15
1340	98.76	0.15
1341	98.98	0.15
1342	99.19	0.15
1343	99.07	0.15
1344	98.85	0.15
1345	98.77	0.15
1346	99.05	0.15
1347	99.26	0.15
1348	99.28	0.15
1349	99.22	0.15
1350	99.2	0.15
1351	99.23	0.15
1352	99.24	0.15
1353	99.3	0.15
1354	99.32	0.15
1355	99.22	0.15
1356	98.97	0.15
1357	98.73	0.15
1358	98.69	0.15
1359	98.7	0.15
1360	98.63	0.15
1361	98.35	0.15
1362	98.13	0.15
1363	98.02	0.15
1364	97.99	0.15
1365	97.98	0.15
1366	97.98	0.15
1367	97.94	0.15
1368	98.02	0.15
1369	98.21	0.15
1370	98.36	0.15
1371	98.32	0.15
1372	98.25	0.15
1373	98.27	0.15
1374	98.33	0.15
1375	98.45	0.15
1376	98.71	0.15
1377	99.01	0.15
1378	99.05	0.15
1379	98.89	0.15
1380	98.75	0.15
1381	98.8	0.15
1382	98.9	0.15
1383	99.01	0.15
1384	99.04	0.15
1385	99	0.15
1386	98.92	0.15
1387	98.89	0.15
1388	98.91	0.15
1389	98.96	0.15
1390	99.02	0.15
1391	99.08	0.15
1392	99.14	0.15
1393	99.28	0.15
1394	99.42	0.15
1395	99.57	0.15
1396	99.71	0.15
1397	99.89	0.15
1398	100.13	0.15
1399	100.38	0.15
1400	100.59	0.15
1401	100.65	0.15
1402	100.64	0.15
1403	100.56	0.15
1404	100.45	0.15
1405	100.37	0.15
1406	100.43	0.15
1407	100.47	0.15
1408	100.5	0.15
1409	100.55	0.15
1410	100.64	0.15
1411	100.77	0.15
1412	100.9	0.15
1413	100.88	0.15
1414	100.84	0.15
1415	100.93	0.15
1416	101.37	0.15
1417	101.78	0.15
1418	101.81	0.15
1419	101.63	0.15
1420	101.49	0.15
1421	101.7	0.15
1422	101.88	0.15
1423	101.81	0.15
1424	101.63	0.15
1425	101.49	0.15
1426	101.55	0.15
1427	101.61	0.15
1428	101.69	0.15
1429	101.79	0.15
1430	101.82	0.15
1431	101.65	0.15
1432	101.46	0.15
1433	101.4	0.15
1434	101.39	0.15
1435	101.36	0.15
1436	101.33	0.15
1437	101.25	0.15
1438	101.23	0.15
1439	101.24	0.15
1440	101.2	0.15
1441	101.04	0.15
1442	100.86	0.15
1443	100.74	0.15
1444	100.65	0.15
1445	100.59	0.15
1446	100.6	0.15
1447	100.6	0.15
1448	100.57	0.15
1449	100.53	0.15
1450	100.46	0.15
1451	100.3	0.15
1452	100.08	0.15
1453	99.92	0.15
1454	99.76	0.15
1455	99.64	0.15
1456	99.56	0.15
1457	99.53	0.15
1458	99.57	0.15
1459	99.62	0.15
1460	99.72	0.15
1461	99.97	0.15
1462	100.2	0.15
1463	100.14	0.15
1464	99.94	0.15
1465	99.72	0.15
1466	99.56	0.15
1467	99.4	0.15
1468	99.6	0.15
1469	99.9	0.15
1470	100.05	0.15
1471	99.9	0.15
1472	99.71	0.15
1473	99.6	0.15
1474	99.53	0.15
1475	99.48	0.15
1476	99.45	0.15
1477	99.44	0.15
1478	99.47	0.15
1479	99.53	0.15
1480	99.66	0.15
1481	99.88	0.15
1482	100.04	0.15
1483	100.18	0.15
1484	100.3	0.15
1485	100.36	0.15
1486	100.36	0.15
1487	100.37	0.15
1488	100.55	0.15
1489	100.79	0.15
1490	101	0.15
1491	101.04	0.15
1492	101	0.15
1493	101.07	0.15
1494	101.15	0.15
1495	101.17	0.15
1496	101.08	0.15
1497	100.97	0.15
1498	100.81	0.15
1499	100.65	0.15
1500	100.58	0.15
1501	100.63	0.15
1502	100.69	0.15
1503	100.76	0.15
1504	100.81	0.15
1505	100.73	0.15
1506	100.47	0.15
1507	100.22	0.15
1508	100.19	0.15
1509	100.26	0.15
1510	100.28	0.15
1511	100.13	0.15
1512	99.97	0.15
1513	99.9	0.15
1514	99.87	0.15
1515	99.88	0.15
1516	99.92	0.15
1517	99.94	0.15
1518	100	0.15
1519	100.1	0.15
1520	100.25	0.15
1521	100.43	0.15
1522	100.68	0.15
1523	100.97	0.15
1524	101.28	0.15
1525	101.63	0.15
1526	102.13	0.15
1527	102.58	0.15
1528	102.89	0.15
1529	103.12	0.15
1530	103.33	0.15
1531	103.48	0.15
1532	103.59	0.15
1533	103.85	0.15
1534	104.19	0.15
1535	104.5	0.15
1536	104.7	0.15
1537	104.88	0.15
1538	105.09	0.15
1539	105.32	0.15
1540	105.59	0.15
1541	105.98	0.15
1542	106.31	0.15
1543	106.43	0.15
1544	106.43	0.15
1545	106.38	0.15
1546	106.37	0.15
1547	106.35	0.15
1548	106.26	0.15
1549	106.02	0.15
1550	105.69	0.15
1551	105.33	0.15
1552	105.03	0.15
1553	104.76	0.15
1554	104.53	0.15
1555	104.32	0.15
1556	104.11	0.15
1557	103.92	0.15
1558	104.02	0.15
1559	104.24	0.15
1560	104.43	0.15
1561	104.42	0.15
1562	104.35	0.15
1563	104.18	0.15
1564	103.96	0.15
1565	103.84	0.15
1566	103.89	0.15
1567	103.96	0.15
1568	103.99	0.15
1569	104	0.15
1570	104.01	0.15
1571	104.08	0.15
1572	104.18	0.15
1573	104.34	0.15
1574	104.52	0.15
1575	104.71	0.15
1576	104.92	0.15
1577	105.16	0.15
1578	105.36	0.15
1579	105.5	0.15
1580	105.47	0.15
1581	105.26	0.15
1582	104.94	0.15
1583	104.87	0.15
1584	104.9	0.15
1585	104.92	0.15
1586	104.81	0.15
1587	104.7	0.15
1588	104.71	0.15
1589	104.75	0.15
1590	104.67	0.15
1591	104.3	0.15
1592	103.85	0.15
1593	103.59	0.15
1594	103.46	0.15
1595	103.37	0.15
1596	103.25	0.15
1597	103.12	0.15
1598	103.12	0.15
1599	103.14	0.15
1600	103.19	0.15
1601	103.22	0.15
1602	103.31	0.15
1603	103.4	0.15
1604	103.46	0.15
1605	103.54	0.15
1606	103.65	0.15
1607	103.74	0.15
1608	103.75	0.15
1609	103.73	0.15
1610	103.71	0.15
1611	103.64	0.15
1612	103.56	0.15
1613	103.62	0.15
1614	103.72	0.15
1615	103.76	0.15
1616	103.67	0.15
1617	103.54	0.15
1618	103.59	0.15
1619	103.69	0.15
1620	103.74	0.15
1621	103.64	0.15
1622	103.59	0.15
1623	103.68	0.15
1624	103.84	0.15
1625	103.94	0.15
1626	103.93	0.15
1627	103.96	0.15
1628	104.21	0.15
1629	104.55	0.15
1630	104.86	0.15
1631	105.06	0.15
1632	105.23	0.15
1633	105.3	0.15
1634	105.32	0.15
1635	105.38	0.15
1636	105.58	0.15
1637	105.73	0.15
1638	105.81	0.15
1639	105.86	0.15
1640	105.91	0.15
1641	105.95	0.15
1642	106.04	0.15
1643	106.17	0.15
1644	106.3	0.15
1645	106.36	0.15
1646	106.24	0.15
1647	106.03	0.15
1648	105.94	0.15
1649	105.81	0.15
1650	105.66	0.15
1651	105.54	0.15
1652	105.46	0.15
1653	105.3	0.15
1654	105.17	0.15
1655	105.07	0.15
1656	105.03	0.15
1657	104.97	0.15
1658	104.88	0.15
1659	104.75	0.15
1660	104.65	0.15
1661	104.61	0.15
1662	104.6	0.15
1663	104.61	0.15
1664	104.65	0.15
1665	104.72	0.15
1666	104.85	0.15
1667	104.95	0.15
1668	105	0.15
1669	104.99	0.15
1670	104.91	0.15
1671	104.69	0.15
1672	104.52	0.15
1673	104.58	0.15
1674	104.76	0.15
1675	104.93	0.15
1676	104.95	0.15
1677	104.95	0.15
1678	105.22	0.15
1679	105.56	0.15
1680	105.78	0.15
1681	105.78	0.15
1682	105.74	0.15
1683	105.68	0.15
1684	105.62	0.15
1685	105.6	0.15
1686	105.68	0.15
1687	105.74	0.15
1688	105.71	0.15
1689	105.61	0.15
1690	105.54	0.15
1691	105.61	0.15
1692	105.69	0.15
1693	105.66	0.15
1694	105.58	0.15
1695	105.5	0.15
1696	105.34	0.15
1697	105.18	0.15
1698	105.17	0.15
1699	105.17	0.15
1700	105.2	0.15
1701	105.37	0.15
1702	105.55	0.15
1703	105.56	0.15
1704	105.53	0.15
1705	105.5	0.15
1706	105.47	0.15
1707	105.4	0.15
1708	105.43	0.15
1709	105.51	0.15
1710	105.5	0.15
1711	105.25	0.15
1712	104.93	0.15
1713	104.77	0.15
1714	104.7	0.15
1715	104.66	0.15
1716	104.65	0.15
1717	104.68	0.15
1718	104.73	0.15
1719	104.77	0.15
1720	104.76	0.15
1721	104.62	0.15
1722	104.43	0.15
1723	104.27	0.15
1724	104.15	0.15
1725	104.06	0.15
1726	103.97	0.15
1727	103.94	0.15
1728	104.08	0.15
1729	104.25	0.15
1730	104.33	0.15
1731	104.19	0.15
1732	104.02	0.15
1733	103.97	0.15
1734	103.96	0.15
1735	103.99	0.15
1736	104.12	0.15
1737	104.28	0.15
1738	104.52	0.15
1739	104.72	0.15
1740	104.81	0.15
1741	104.74	0.15
1742	104.67	0.15
1743	104.65	0.15
1744	104.68	0.15
1745	104.76	0.15
1746	104.94	0.15
1747	105.12	0.15
1748	105.26	0.15
1749	105.4	0.15
1750	105.41	0.15
1751	105.24	0.15
1752	105.46	0.15
1753	105.74	0.15
1754	106.08	0.15
1755	106.41	0.15
1756	106.69	0.15
1757	106.94	0.15
1758	107.1	0.15
1759	107.2	0.15
1760	107.26	0.15
1761	107.3	0.15
1762	107.29	0.15
1763	107.23	0.15
1764	107.17	0.15
1765	107.21	0.15
1766	107.39	0.15
1767	107.49	0.15
1768	107.43	0.15
1769	107.29	0.15
1770	107.11	0.15
1771	106.88	0.15
1772	106.7	0.15
1773	106.76	0.15
1774	106.9	0.15
1775	107.07	0.15
1776	107.24	0.15
1777	107.4	0.15
1778	107.47	0.15
1779	107.48	0.15
1780	107.48	0.15
1781	107.41	0.15
1782	107.29	0.15
1783	107.23	0.15
1784	107.18	0.15
1785	107.18	0.15
1786	107.22	0.15
1787	107.17	0.15
1788	107.08	0.15
1789	106.96	0.15
1790	106.79	0.15
1791	106.61	0.15
1792	106.46	0.15
1793	106.35	0.15
1794	106.18	0.15
1795	105.96	0.15
1796	105.75	0.15
1797	105.47	0.15
1798	105.11	0.15
1799	104.74	0.15
1800	104.4	0.15
1801	104.11	0.15
1802	103.87	0.15
1803	103.64	0.15
1804	103.33	0.15
1805	103.15	0.15
1806	103.18	0.15
1807	102.64	0.15
1808	102.25	0.15
1809	101.96	0.15
1810	101.8	0.15
1811	101.85	0.15
1812	101.59	0.15
1813	100.87	0.15
1814	100.45	0.15
1815	100.17	0.15
1816	100.01	0.15
1817	100.08	0.15
1818	99.82	0.15
1819	99.77	0.15
1820	99.72	0.15
1821	99.46	0.15
1822	99.27	0.15
1823	99.09	0.15
1824	98.98	0.15
1825	98.93	0.15
1826	99.01	0.15
1827	99.19	0.15
1828	99.34	0.15
1829	99.48	0.15
1830	99.52	0.15
1831	99.65	0.15
1832	99.86	0.15
1833	99.55	0.15
1834	99.22	0.15
1835	98.78	0.15
1836	98.18	0.15
1837	97.71	0.15
1838	97.62	0.15
1839	97.45	0.15
1840	96.99	0.15
1841	96.21	0.15
1842	95.52	0.15
1843	95.22	0.15
1844	95.02	0.15
1845	94.91	0.15
1846	94.85	0.15
1847	94.96	0.15
1848	95.23	0.15
1849	95.52	0.15
1850	95.71	0.15
1851	95.6	0.15
1852	95.63	0.15
1853	94.81	0.15
1854	93.94	0.15
1855	93.57	0.15
1856	93.74	0.15
1857	94.08	0.15
1858	93.82	0.15
1859	92.73	0.15
1860	92.21	0.15
1861	92.69	0.15
1862	92.86	0.15
1863	92.82	0.15
1864	92.83	0.15
1865	92.79	0.15
1866	92.64	0.15
1867	92.86	0.15
1868	92.86	0.15
1869	93.02	0.15
1870	93.17	0.15
1871	93.2	0.15
1872	93.3	0.15
1873	93.76	0.15
1874	94.09	0.15
1875	94	0.15
1876	94.13	0.15
1877	94.08	0.15
1878	94.22	0.15
1879	94.41	0.15
1880	94.66	0.15
1881	95.04	0.15
1882	95.31	0.15
1883	95.19	0.15
1884	95.05	0.15
1885	95.1	0.15
1886	95.29	0.15
1887	95.19	0.15
1888	95.37	0.15
1889	95.47	0.15
1890	95.53	0.15
1891	95.53	0.15
1892	95.62	0.15
1893	95.8	0.15
1894	95.78	0.15
1895	95.63	0.15
1896	95.34	0.15
1897	95.05	0.15
1898	94.91	0.15
1899	94.84	0.15
1900	94.72	0.15
1901	94.55	0.15
1902	94.12	0.15
1903	94.07	0.15
1904	93.92	0.15
1905	93.82	0.15
1906	93.74	0.15
1907	93.56	0.15
1908	93.44	0.15
1909	93.21	0.15
1910	93.13	0.15
1911	93.41	0.15
1912	93.45	0.15
1913	93.44	0.15
1914	93.4	0.15
1915	93.25	0.15
1916	93.23	0.15
1917	93	0.15
1918	92.76	0.15
1919	92.33	0.15
1920	91.9	0.15
1921	91.92	0.15
1922	91.94	0.15
1923	91.91	0.15
1924	91.93	0.15
1925	92.27	0.15
1926	92.78	0.15
1927	93.13	0.15
1928	93.39	0.15
1929	93.51	0.15
1930	93.94	0.15
1931	94.55	0.15
1932	94.56	0.15
1933	94.32	0.15
1934	94.05	0.15
1935	94.01	0.15
1936	94.19	0.15
1937	94.61	0.15
1938	94.43	0.15
1939	94.28	0.15
1940	94.3	0.15
1941	94.43	0.15
1942	94.58	0.15
1943	94.62	0.15
1944	94.25	0.15
1945	94.14	0.15
1946	94.42	0.15
1947	94.52	0.15
1948	94.56	0.15
1949	94.71	0.15
1950	94.76	0.15
1951	94.84	0.15
1952	95.07	0.15
1953	95.28	0.15
1954	95.26	0.15
1955	95.18	0.15
1956	95.35	0.15
1957	95.43	0.15
1958	95.51	0.15
1959	95.38	0.15
1960	95.3	0.15
1961	95.43	0.15
1962	95.46	0.15
1963	95.64	0.15
1964	95.74	0.15
1965	95.88	0.15
1966	95.93	0.15
1967	95.98	0.15
1968	96.07	0.15
1969	96.19	0.15
1970	96.3	0.15
1971	96.14	0.15
1972	96.03	0.15
1973	95.98	0.15
1974	95.97	0.15
1975	95.96	0.15
1976	95.93	0.15
1977	95.98	0.15
1978	96.08	0.15
1979	96.2	0.15
1980	96.2	0.15
1981	95.99	0.15
1982	95.9	0.15
1983	95.85	0.15
1984	95.94	0.15
1985	95.91	0.15
1986	95.79	0.15
1987	95.73	0.15
1988	95.68	0.15
1989	95.56	0.15
1990	95.39	0.15
1991	95.21	0.15
1992	95.27	0.15
1993	95.52	0.15
1994	95.65	0.15
1995	95.68	0.15
1996	95.73	0.15
1997	95.72	0.15
1998	95.57	0.15
1999	95.39	0.15
2000	95.31	0.15
2001	95.37	0.15
2002	95.11	0.15
2003	94.75	0.15
2004	94.45	0.15
2005	94.15	0.15
2006	93.78	0.15
2007	93.43	0.15
2008	93.1	0.15
2009	92.81	0.15
2010	92.5	0.15
2011	92.56	0.15
2012	92.54	0.15
2013	92.35	0.15
2014	92.2	0.15
2015	92.21	0.15
2016	92.36	0.15
2017	92.63	0.15
2018	93.03	0.15
2019	93.42	0.15
2020	93.79	0.15
2021	94.28	0.15
2022	94.75	0.15
2023	95.1	0.15
2024	95.31	0.15
2025	95.44	0.15
2026	95.76	0.15
2027	95.91	0.15
2028	95.95	0.15
2029	96.03	0.15
2030	96.13	0.15
2031	96.34	0.15
2032	96.44	0.15
2033	96.41	0.15
2034	96.43	0.15
2035	96.49	0.15
2036	96.64	0.15
2037	96.57	0.15
2038	96.31	0.15
2039	96.1	0.15
2040	95.96	0.15
2041	95.86	0.15
2042	95.84	0.15
2043	95.89	0.15
2044	95.96	0.15
2045	96.12	0.15
2046	96.33	0.15
2047	96.76	0.15
2048	97.29	0.15
2049	97.61	0.15
2050	97.62	0.15
2051	97.75	0.15
2052	97.89	0.15
2053	98.07	0.15
2054	98.23	0.15
2055	98.32	0.15
2056	98.46	0.15
2057	98.53	0.15
2058	98.63	0.15
2059	98.85	0.15
2060	99.16	0.15
2061	99.52	0.15
2062	99.8	0.15
2063	100.01	0.15
2064	100.21	0.15
2065	100.39	0.15
2066	100.51	0.15
2067	100.37	0.15
2068	100.02	0.15
2069	99.65	0.15
2070	99.26	0.15
2071	99.53	0.15
2072	99.81	0.15
2073	99.85	0.15
2074	99.85	0.15
2075	99.82	0.15
2076	100	0.15
2077	100.11	0.15
2078	99.99	0.15
2079	99.8	0.15
2080	99.64	0.15
2081	99.65	0.15
2082	99.73	0.15
2083	99.84	0.15
2084	99.76	0.15
2085	99.62	0.15
2086	99.86	0.15
2087	100.17	0.15
2088	100.38	0.15
2089	100.52	0.15
2090	100.69	0.15
2091	100.95	0.15
2092	101.1	0.15
2093	101.13	0.15
2094	101.12	0.15
2095	101.09	0.15
2096	101.11	0.15
2097	101.06	0.15
2098	100.87	0.15
2099	100.87	0.15
2100	101.05	0.15
2101	101.1	0.15
2102	100.9	0.15
2103	100.89	0.15
2104	101.09	0.15
2105	101.47	0.15
2106	102	0.15
2107	102.5	0.15
2108	102.62	0.15
2109	102.69	0.15
2110	103.01	0.15
2111	102.88	0.15
2112	103.05	0.15
2113	103.2	0.15
2114	103.18	0.15
2115	103.08	0.15
2116	103.38	0.15
2117	103.3	0.15
2118	103.27	0.15
2119	103.3	0.15
2120	103.37	0.15
2121	103.45	0.15
2122	103.35	0.15
2123	103.12	0.15
2124	103.08	0.15
2125	103.33	0.15
2126	103.14	0.15
2127	103.22	0.15
2128	103.38	0.15
2129	103.62	0.15
2130	103.78	0.15
2131	103.83	0.15
2132	103.88	0.15
2133	103.81	0.15
2134	103.74	0.15
2135	103.75	0.15
2136	103.9	0.15
2137	103.93	0.15
2138	103.96	0.15
2139	103.89	0.15
2140	103.78	0.15
2141	104.05	0.15
2142	103.94	0.15
2143	103.76	0.15
2144	103.53	0.15
2145	103.39	0.15
2146	103.39	0.15
2147	103.28	0.15
2148	103.09	0.15
2149	102.78	0.15
2150	102.37	0.15
2151	102.57	0.15
2152	102.48	0.15
2153	102.35	0.15
2154	102.19	0.15
2155	101.93	0.15
2156	101.98	0.15
2157	102.02	0.15
2158	102.13	0.15
2159	102.2	0.15
2160	102.12	0.15
2161	102.27	0.15
2162	102.45	0.15
2163	102.57	0.15
2164	102.67	0.15
2165	102.83	0.15
2166	102.91	0.15
2167	102.99	0.15
2168	103.08	0.15
2169	103.17	0.15
2170	103.24	0.15
2171	103.64	0.15
2172	103.56	0.15
2173	103.45	0.15
2174	103.33	0.15
2175	103.16	0.15
2176	103.45	0.15
2177	103.42	0.15
2178	103.42	0.15
2179	103.42	0.15
2180	103.28	0.15
2181	103.15	0.15
2182	103.07	0.15
2183	103	0.15
2184	102.94	0.15
2185	103	0.15
2186	102.9	0.15
2187	103.02	0.15
2188	103.13	0.15
2189	103.08	0.15
2190	102.85	0.15
2191	102.81	0.15
2192	102.72	0.15
2193	102.56	0.15
2194	102.36	0.15
2195	102.15	0.15
2196	102.34	0.15
2197	102.17	0.15
2198	101.98	0.15
2199	101.79	0.15
2200	101.45	0.15
2201	101.04	0.15
2202	100.8	0.15
2203	100.59	0.15
2204	100.45	0.15
2205	100.37	0.15
2206	100.43	0.15
2207	100.05	0.15
2208	99.86	0.15
2209	100.12	0.15
2210	99.64	0.15
2211	99.63	0.15
2212	99.42	0.15
2213	99.34	0.15
2214	99.48	0.15
2215	99.12	0.15
2216	99.36	0.15
2217	99.2	0.15
2218	99.38	0.15
2219	99.67	0.15
2220	99.74	0.15
2221	100.36	0.15
2222	100.6	0.15
2223	100.77	0.15
2224	100.67	0.15
2225	100.76	0.15
2226	101.18	0.15
2227	101.21	0.15
2228	101.26	0.15
2229	101.35	0.15
2230	101.51	0.15
2231	101.6	0.15
2232	101.66	0.15
2233	101.96	0.15
2234	101.96	0.15
2235	102.29	0.15
2236	102.26	0.15
2237	102.09	0.15
2238	102.15	0.15
2239	102.61	0.15
2240	103.06	0.15
2241	103.81	0.15
2242	104.08	0.15
2243	104.27	0.15
2244	104.22	0.15
2245	104.34	0.15
2246	104.26	0.15
2247	104.26	0.15
2248	104.07	0.15
2249	104.2	0.15
2250	104.4	0.15
2251	104.67	0.15
2252	104.58	0.15
2253	104.43	0.15
2254	104.51	0.15
2255	104.27	0.15
2256	104.44	0.15
2257	104.59	0.15
2258	104.74	0.15
2259	104.89	0.15
2260	105.02	0.15
2261	105.11	0.15
2262	104.95	0.15
2263	104.84	0.15
2264	104.83	0.15
2265	104.77	0.15
2266	104.91	0.15
2267	105.13	0.15
2268	105.15	0.15
2269	105.39	0.15
2270	104.9	0.15
2271	105.42	0.15
2272	105.5	0.15
2273	105.59	0.15
2274	105.47	0.15
2275	105.94	0.15
2276	106.23	0.15
2277	106.63	0.15
2278	106.89	0.15
2279	106.58	0.15
2280	106.35	0.15
2281	106.12	0.15
2282	105.79	0.15
2283	105.42	0.15
2284	104.98	0.15
2285	104.39	0.15
2286	104.02	0.15
2287	103.8	0.15
2288	103.66	0.15
2289	103.34	0.15
2290	102.91	0.15
2291	102.42	0.15
2292	101.92	0.15
2293	101.5	0.15
2294	101.32	0.15
2295	100.95	0.15
2296	100.69	0.15
2297	100.69	0.15
2298	100.29	0.15
2299	99.74	0.15
2300	99.26	0.15
2301	98.78	0.15
2302	98.34	0.15
2303	97.99	0.15
2304	97.73	0.15
2305	97.47	0.15
2306	97.14	0.15
2307	96.73	0.15
2308	96.38	0.15
2309	96.17	0.15
2310	96.19	0.15
2311	96.43	0.15
2312	96.29	0.15
2313	96.45	0.15
2314	96.47	0.15
2315	96.66	0.15
2316	96.74	0.15
2317	96.65	0.15
2318	96.64	0.15
2319	96.64	0.15
2320	96.81	0.15
2321	97.01	0.15
2322	97.11	0.15
2323	96.87	0.15
2324	96.84	0.15
2325	96.6	0.15
2326	96.87	0.15
2327	96.7	0.15
2328	96.69	0.15
2329	96.81	0.15
2330	96.33	0.15
2331	96.1	0.15
2332	95.78	0.15
2333	95.38	0.15
2334	95.36	0.15
2335	95.05	0.15
2336	94.93	0.15
2337	94.86	0.15
2338	94.53	0.15
2339	94.5	0.15
2340	94.66	0.15
2341	95.04	0.15
2342	95.24	0.15
2343	95.53	0.15
2344	95.5	0.15
2345	95.58	0.15
2346	95.37	0.15
2347	95.55	0.15
2348	95.82	0.15
2349	96.2	0.15
2350	96.35	0.15
2351	96.71	0.15
2352	96.8	0.15
2353	97.22	0.15
2354	97.62	0.15
2355	97.59	0.15
2356	97.41	0.15
2357	97.39	0.15
2358	97.28	0.15
2359	97.54	0.15
2360	97.53	0.15
2361	97.43	0.15
2362	97.25	0.15
2363	97.38	0.15
2364	97.44	0.15
2365	97.45	0.15
2366	97.46	0.15
2367	97.38	0.15
2368	97.34	0.15
2369	97.26	0.15
2370	97.39	0.15
2371	97.72	0.15
2372	97.86	0.15
2373	97.9	0.15
2374	98.17	0.15
2375	98.45	0.15
2376	98.44	0.15
2377	98.34	0.15
2378	98.33	0.15
2379	98.24	0.15
2380	98.14	0.15
2381	98.38	0.15
2382	98.45	0.15
2383	98.67	0.15
2384	98.78	0.15
2385	98.86	0.15
2386	98.86	0.15
2387	99.46	0.15
2388	99.31	0.15
2389	99.15	0.15
2390	98.99	0.15
2391	99.03	0.15
2392	99.06	0.15
2393	98.78	0.15
2394	98.61	0.15
2395	98.58	0.15
2396	98.55	0.15
2397	98.92	0.15
2398	98.76	0.15
2399	98.7	0.15
2400	98.87	0.15
2401	98.8	0.15
2402	98.43	0.15
2403	98.13	0.15
2404	98.01	0.15
2405	97.74	0.15
2406	97.63	0.15
2407	97.69	0.15
2408	97.94	0.15
2409	97.99	0.15
2410	98.3	0.15
2411	98.3	0.15
2412	98.21	0.15
2413	98.12	0.15
2414	98.3	0.15
2415	98.47	0.15
2416	98.59	0.15
2417	98.73	0.15
2418	98.67	0.15
2419	98.53	0.15
2420	98.62	0.15
2421	99.34	0.15
2422	98.98	0.15
2423	99.4	0.15
2424	99.64	0.15
2425	99.88	0.15
2426	99.88	0.15
2427	100.23	0.15
2428	100.47	0.15
2429	100.36	0.15
2430	100.23	0.15
2431	100.62	0.15
2432	101.1	0.15
2433	101.54	0.15
2434	102.14	0.15
2435	102	0.15
2436	102.06	0.15
2437	102.03	0.15
2438	102.06	0.15
2439	101.98	0.15
2440	102.12	0.15
2441	101.94	0.15
2442	102.07	0.15
2443	102.22	0.15
2444	102.26	0.15
2445	102.18	0.15
2446	102.58	0.15
2447	102.74	0.15
2448	102.33	0.15
2449	102.52	0.15
2450	102.82	0.15
2451	103.06	0.15
2452	103.41	0.15
2453	103.59	0.15
2454	104.06	0.15
2455	104.79	0.15
2456	105.31	0.15
2457	105.77	0.15
2458	105.8	0.15
2459	105.78	0.15
2460	105.83	0.15
2461	105.69	0.15
2462	105.55	0.15
2463	105.49	0.15
2464	105.5	0.15
2465	105.59	0.15
2466	105.59	0.15
2467	105.76	0.15
2468	106.14	0.15
2469	106.1	0.15
2470	106.17	0.15
2471	105.95	0.15
2472	105.61	0.15
2473	105.68	0.15
2474	105.41	0.15
2475	105.36	0.15
2476	105.31	0.15
2477	105.15	0.15
2478	105.29	0.15
2479	105.38	0.15
2480	105.27	0.15
2481	105.27	0.15
2482	105.15	0.15
2483	104.82	0.15
2484	104.55	0.15
2485	104.56	0.15
2486	105.24	0.15
2487	106.02	0.15
2488	106.93	0.15
2489	107.37	0.15
2490	108.14	0.15
2491	108.63	0.15
2492	108.7	0.15
2493	108.59	0.15
2494	108.63	0.15
2495	109.14	0.15
2496	109.12	0.15
2497	109.06	0.15
2498	108.26	0.15
2499	107.71	0.15
2500	107.1	0.15
2501	105.71	0.15
2502	103.88	0.15
2503	102.01	0.15
2504	99.71	0.15
2505	97.53	0.15
2506	96.53	0.15
2507	95.6	0.15
2508	95.28	0.15
2509	94.82	0.15
2510	95.56	0.15
2511	96.6	0.15
2512	97.11	0.15
2513	96.91	0.15
2514	96.1	0.15
2515	95.2	0.15
2516	94.68	0.15
2517	95.42	0.15
2518	96.41	0.15
2519	98.29	0.15
2520	98.36	0.15
2521	97.73	0.15
2522	97.34	0.15
2523	96.7	0.15
2524	95.47	0.15
2525	95.29	0.15
2526	94.94	0.15
2527	94.23	0.15
2528	94.33	0.15
2529	94.74	0.15
2530	95.58	0.15
2531	95.94	0.15
2532	95.62	0.15
2533	95.67	0.15
2534	95.76	0.15
2535	95.18	0.15
2536	94.79	0.15
2537	95.71	0.15
2538	96.07	0.15
2539	96.04	0.15
2540	95.62	0.15
2541	94.74	0.15
2542	94.56	0.15
2543	94.81	0.15
2544	95.13	0.15
2545	95.6	0.15
2546	94.95	0.15
2547	93.92	0.15
2548	94.27	0.15
2549	95.81	0.15
2550	97.25	0.15
2551	97.6	0.15
2552	97.08	0.15
2553	97.45	0.15
2554	97.14	0.15
2555	97.2	0.15
2556	98.06	0.15
2557	98.66	0.15
2558	99.64	0.15
2559	100.49	0.15
2560	100	0.15
2561	98.71	0.15
2562	99.25	0.15
2563	99.65	0.15
2564	100.14	0.15
2565	100.65	0.15
2566	102.08	0.15
2567	102.4	0.15
2568	102.09	0.15
2569	102.17	0.15
2570	102.76	0.15
2571	103.57	0.15
2572	104.2	0.15
2573	105.45	0.15
2574	105.43	0.15
2575	104.49	0.15
2576	104.37	0.15
2577	103.74	0.15
2578	102.97	0.15
2579	103.69	0.15
2580	104.62	0.15
2581	105.03	0.15
2582	103.75	0.15
2583	102.56	0.15
2584	102.31	0.15
2585	102.9	0.15
2586	104.2	0.15
2587	104.63	0.15
2588	104.8	0.15
2589	104.9	0.15
2590	104.72	0.15
2591	104.78	0.15
2592	105.37	0.15
2593	105.6	0.15
2594	105.96	0.15
2595	106.37	0.15
2596	106.41	0.15
2597	106.38	0.15
2598	106.29	0.15
2599	106.34	0.15
2600	106.08	0.15
2601	106.27	0.15
2602	106.35	0.15
2603	106.27	0.15
2604	106.4	0.15
2605	105.79	0.15
2606	105.55	0.15
2607	105.13	0.15
2608	105.06	0.15
2609	105.38	0.15
2610	105.32	0.15
2611	105.52	0.15
2612	105.71	0.15
2613	105.5	0.15
2614	105.09	0.15
2615	104.65	0.15
2616	104.23	0.15
2617	104.06	0.15
2618	103.82	0.15
2619	103.83	0.15
2620	103.97	0.15
2621	103.28	0.15
2622	103.48	0.15
2623	103.52	0.15
2624	103.43	0.15
2625	103.92	0.15
2626	104.62	0.15
2627	105.04	0.15
2628	105.1	0.15
2629	104.73	0.15
2630	104	0.15
2631	103.79	0.15
2632	104.02	0.15
2633	103.56	0.15
2634	102.84	0.15
2635	101.75	0.15
2636	101.67	0.15
2637	101.39	0.15
2638	101.03	0.15
2639	100.57	0.15
2640	99.07	0.15
2641	97.48	0.15
2642	96.04	0.15
2643	95.34	0.15
2644	94.83	0.15
2645	94.64	0.15
2646	93.37	0.15
2647	92.88	0.15
2648	93.15	0.15
2649	93.93	0.15
2650	94.67	0.15
2651	94.06	0.15
2652	93.89	0.15
2653	94.47	0.15
2654	95.35	0.15
2655	96.2	0.15
2656	95.83	0.15
2657	95.47	0.15
2658	96.19	0.15
2659	96.62	0.15
2660	96.31	0.15
2661	94.99	0.15
2662	94.93	0.15
2663	96.86	0.15
2664	97.23	0.15
2665	97.37	0.15
2666	96.34	0.15
2667	94.5	0.15
2668	93.27	0.15
2669	94.17	0.15
2670	95.09	0.15
2671	96.77	0.15
2672	97.35	0.15
2673	97.63	0.15
2674	96.94	0.15
2675	95.73	0.15
2676	95.33	0.15
2677	96.17	0.15
2678	96.97	0.15
2679	98.29	0.15
2680	99.21	0.15
2681	100.04	0.15
2682	100.48	0.15
2683	101.56	0.15
2684	101.09	0.15
2685	100.25	0.15
2686	100.65	0.15
2687	101.58	0.15
2688	101.45	0.15
2689	101.31	0.15
2690	100.37	0.15
2691	101.01	0.15
2692	101.75	0.15
2693	102.77	0.15
2694	103.59	0.15
2695	103.91	0.15
2696	103.87	0.15
2697	103.96	0.15
2698	103.85	0.15
2699	103.92	0.15
2700	104.01	0.15
2701	104.08	0.15
2702	104.25	0.15
2703	104.44	0.15
2704	104.62	0.15
2705	104.59	0.15
2706	104.45	0.15
2707	104.4	0.15
2708	104.19	0.15
2709	104.21	0.15
2710	104.14	0.15
2711	104.37	0.15
2712	104.72	0.15
2713	104.88	0.15
2714	105.14	0.15
2715	105.33	0.15
2716	105.51	0.15
2717	105.5	0.15
2718	105.1	0.15
2719	104.69	0.15
2720	104.35	0.15
2721	103.91	0.15
2722	103.79	0.15
2723	103.97	0.15
2724	104.2	0.15
2725	104.47	0.15
2726	104.83	0.15
2727	105.2	0.15
2728	105.64	0.15
2729	105.48	0.15
2730	104.89	0.15
2731	104.7	0.15
2732	104.54	0.15
2733	104.33	0.15
2734	104.19	0.15
2735	104.27	0.15
2736	104.74	0.15
2737	105.04	0.15
2738	105.28	0.15
2739	105.65	0.15
2740	105.65	0.15
2741	105.71	0.15
2742	105.64	0.15
2743	105.13	0.15
2744	104.96	0.15
2745	104.28	0.15
2746	103.64	0.15
2747	103.33	0.15
2748	103.23	0.15
2749	102.66	0.15
2750	102.09	0.15
2751	101.49	0.15
2752	101.15	0.15
2753	100.8	0.15
2754	100.45	0.15
2755	100.18	0.15
2756	99.75	0.15
2757	99.93	0.15
2758	99.8	0.15
2759	99.49	0.15
2760	98.71	0.15
2761	98.44	0.15
2762	98.5	0.15
2763	98.58	0.15
2764	98.83	0.15
2765	99.66	0.15
2766	100.35	0.15
2767	100.54	0.15
2768	100.32	0.15
2769	100.64	0.15
2770	100.72	0.15
2771	100.95	0.15
2772	101.05	0.15
2773	100.98	0.15
2774	102.31	0.15
2775	103.37	0.15
2776	104.14	0.15
2777	105.05	0.15
2778	106.18	0.15
2779	106.27	0.15
2780	105.97	0.15
2781	105.67	0.15
2782	105.71	0.15
2783	105.66	0.15
2784	105.42	0.15
2785	105.23	0.15
2786	105.08	0.15
2787	104.72	0.15
2788	104.33	0.15
2789	104.12	0.15
2790	104	0.15
2791	104.29	0.15
2792	104.65	0.15
2793	105.12	0.15
2794	105.5	0.15
2795	105.68	0.15
2796	105.93	0.15
2797	106.33	0.15
2798	106.74	0.15
2799	106.31	0.15
2800	105.22	0.15
2801	104.29	0.15
2802	103.27	0.15
2803	102.41	0.15
2804	101.71	0.15
2805	100.89	0.15
2806	100.15	0.15
2807	99.75	0.15
2808	99.7	0.15
2809	99.65	0.15
2810	99.66	0.15
2811	99.78	0.15
2812	100	0.15
2813	100.23	0.15
2814	100.08	0.15
2815	99.64	0.15
2816	99.4	0.15
2817	99.25	0.15
2818	99.55	0.15
2819	100.1	0.15
2820	100.29	0.15
2821	100.3	0.15
2822	100	0.15
2823	99.73	0.15
2824	99.24	0.15
2825	99.17	0.15
2826	99.27	0.15
2827	99.43	0.15
2828	99.35	0.15
2829	99.56	0.15
2830	99.69	0.15
2831	99.81	0.15
2832	99.72	0.15
2833	99.74	0.15
2834	99.79	0.15
2835	99.93	0.15
2836	100	0.15
2837	100.07	0.15
2838	100.05	0.15
2839	100.03	0.15
2840	100.1	0.15
2841	100.13	0.15
2842	100.18	0.15
2843	99.54	0.15
2844	98.85	0.15
2845	98.25	0.15
2846	97.96	0.15
2847	98	0.15
2848	98.15	0.15
2849	98.41	0.15
2850	98.64	0.15
2851	98.96	0.15
2852	99.26	0.15
2853	99.64	0.15
2854	99.76	0.15
2855	100.05	0.15
2856	100.12	0.15
2857	100.01	0.15
2858	99.85	0.15
2859	99.9	0.15
2860	99.69	0.15
2861	99.67	0.15
2862	99.45	0.15
2863	99.23	0.15
2864	98.93	0.15
2865	99.07	0.15
2866	99.28	0.15
2867	99.49	0.15
2868	99.71	0.15
2869	100.08	0.15
2870	100.37	0.15
2871	100.61	0.15
2872	100.88	0.15
2873	101.08	0.15
2874	101.22	0.15
2875	101.17	0.15
2876	100.99	0.15
2877	100.82	0.15
2878	100.76	0.15
2879	100.75	0.15
2880	100.67	0.15
2881	100.67	0.15
2882	100.61	0.15
2883	100.56	0.15
2884	100.47	0.15
2885	100.39	0.15
2886	100.25	0.15
2887	100.19	0.15
2888	99.69	0.15
2889	99.25	0.15
2890	98.69	0.15
2891	98.27	0.15
2892	97.87	0.15
2893	97.26	0.15
2894	96.61	0.15
2895	96.07	0.15
2896	95.44	0.15
2897	94.83	0.15
2898	94.19	0.15
2899	93.62	0.15
2900	93.07	0.15
2901	92.5	0.15
2902	91.98	0.15
2903	91.5	0.15
2904	91.39	0.15
2905	91.2	0.15
2906	90.92	0.15
2907	90.97	0.15
2908	91	0.15
2909	90.64	0.15
2910	90.45	0.15
2911	90.4	0.15
2912	90.55	0.15
2913	90.76	0.15
2914	90.74	0.15
2915	90.68	0.15
2916	90.59	0.15
2917	90.9	0.15
2918	91.13	0.15
2919	91.28	0.15
2920	91.44	0.15
2921	91.58	0.15
2922	91.56	0.15
2923	91.78	0.15
2924	91.97	0.15
2925	91.87	0.15
2926	91.93	0.15
2927	91.86	0.15
2928	91.96	0.15
2929	92.16	0.15
2930	92.01	0.15
2931	92.47	0.15
2932	92.53	0.15
2933	92.83	0.15
2934	93.23	0.15
2935	93.18	0.15
2936	93.25	0.15
2937	93.49	0.15
2938	93.62	0.15
2939	93.9	0.15
2940	94.15	0.15
2941	93.91	0.15
2942	93.83	0.15
2943	93.42	0.15
2944	92.29	0.15
2945	91.42	0.15
2946	91.07	0.15
2947	90.96	0.15
2948	91.17	0.15
2949	91.49	0.15
2950	92	0.15
2951	92.63	0.15
2952	93.07	0.15
2953	93.51	0.15
2954	93.98	0.15
2955	94.61	0.15
2956	94.98	0.15
2957	95.54	0.15
2958	96.22	0.15
2959	97.2	0.15
2960	98.07	0.15
2961	98.41	0.15
2962	98.1	0.15
2963	98.2	0.15
2964	98.34	0.15
2965	98.65	0.15
2966	98.96	0.15
2967	99.3	0.15
2968	99.28	0.15
2969	99.12	0.15
2970	98.99	0.15
2971	98.9	0.15
2972	99.04	0.15
2973	99.42	0.15
2974	99.77	0.15
2975	99.92	0.15
2976	99.73	0.15
2977	99.63	0.15
2978	99.62	0.15
2979	99.68	0.15
2980	100.05	0.15
2981	100.4	0.15
2982	100.59	0.15
2983	100.9	0.15
2984	101.18	0.15
2985	101.45	0.15
2986	101.51	0.15
2987	101.52	0.15
2988	101.52	0.15
2989	101.51	0.15
2990	101.48	0.15
2991	101.63	0.15
2992	101.56	0.15
2993	101.67	0.15
2994	101.75	0.15
2995	101.76	0.15
2996	101.71	0.15
2997	101.76	0.15
2998	101.9	0.15
2999	102.21	0.15
3000	102.37	0.15
3001	102.3	0.15
3002	102.27	0.15
3003	102.11	0.15
3004	102.08	0.15
3005	101.94	0.15
3006	101.79	0.15
3007	101.57	0.15
3008	101.51	0.15
3009	101.41	0.15
3010	101.33	0.15
3011	101.35	0.15
3012	101.29	0.15
3013	101.19	0.15
3014	101.13	0.15
3015	101.05	0.15
3016	101.12	0.15
3017	101.3	0.15
3018	101.38	0.15
3019	101.43	0.15
3020	101.35	0.15
3021	101.28	0.15
3022	101.23	0.15
3023	101.16	0.15
3024	100.9	0.15
3025	100.56	0.15
3026	100.36	0.15
3027	100.36	0.15
3028	100.44	0.15
3029	100.55	0.15
3030	100.62	0.15
3031	100.62	0.15
3032	100.62	0.15
